background	greenplant	purpleplant
202,206,205	127,169,77	167,153,137
198,207,200	125,168,78	169,138,137
197,208,196	118,169,73	169,150,133
197,208,194	121,170,73	170,135,137
194,208,188	121,170,73	167,151,137
195,207,193	127,171,74	165,144,143
191,207,193	130,172,74	166,152,141
187,206,193	124,173,71	167,142,141
191,207,195	123,172,70	168,149,139
79,83,71	133,170,69	152,127,111
79,78,66	134,172,70	152,127,117
83,82,55	132,173,70	154,132,119
86,81,64	136,174,72	156,122,121
83,82,70	135,177,71	155,130,120
83,77,76	145,177,80	157,129,122
83,82,75	152,177,90	156,130,126
87,80,79	154,179,91	155,131,124
84,81,80	141,179,88	154,134,121
195,207,195	120,165,80	139,119,115
198,208,198	122,165,80	137,117,109
202,208,206	122,165,75	137,120,99
205,209,205	125,163,78	137,117,106
207,208,202	122,165,75	139,119,111
205,210,198	122,166,73	142,108,104
196,209,192	119,166,72	142,120,96
194,208,193	117,164,71	142,121,99
196,210,191	117,166,66	140,118,103
108,117,103	134,178,68	154,128,107
103,119,113	136,177,67	155,127,115
112,109,120	138,178,63	156,125,121
125,108,110	144,179,68	155,128,118
117,104,99	141,178,70	156,124,115
111,101,96	140,179,66	156,125,112
111,109,87	137,179,60	152,124,111
108,114,96	145,177,65	149,133,118
111,120,99	143,178,66	147,128,121
60,54,58	112,146,80	140,115,101
55,54,53	111,145,75	142,108,104
48,52,52	108,144,70	140,112,104
40,52,44	112,142,76	139,104,103
47,53,45	109,141,76	136,109,98
47,53,45	112,140,74	133,96,99
60,59,52	108,139,67	122,102,101
66,55,48	105,138,75	111,96,100
60,49,42	105,139,76	106,92,90
55,91,140	148,182,75	132,113,118
51,84,146	140,181,71	132,113,111
53,91,142	130,182,64	131,119,100
52,81,140	137,181,64	131,122,103
50,76,137	138,182,63	129,117,108
46,72,132	140,181,63	130,110,113
44,70,130	138,179,70	132,113,111
42,70,125	141,180,76	134,105,111
45,73,112	145,180,69	129,113,109
66,65,53	220,174,95	137,122,106
66,65,47	219,178,97	137,122,108
70,64,52	218,178,97	136,131,105
66,65,58	218,181,94	128,136,100
60,64,63	218,177,94	117,134,108
58,62,66	219,177,91	128,138,113
60,64,63	220,174,94	140,141,117
60,59,52	219,179,98	146,140,117
66,49,65	218,177,96	150,136,117
91,89,93	218,177,95	117,111,106
100,93,87	218,174,97	111,108,107
94,91,81	218,171,100	111,101,108
85,98,81	218,175,100	111,101,104
88,90,90	219,175,99	111,108,103
91,93,87	218,171,98	108,105,100
79,92,75	218,166,95	106,103,102
69,98,77	218,172,91	96,102,100
76,86,91	218,170,96	94,107,97
70,104,152	154,182,91	112,105,90
71,107,150	146,183,88	112,105,90
78,111,149	155,180,97	116,95,93
83,109,150	158,181,98	121,97,91
78,111,148	154,179,96	121,93,92
72,110,148	149,177,105	118,101,91
78,108,149	150,177,111	121,100,91
80,106,153	147,179,102	123,106,89
79,103,154	150,179,97	121,111,89
222,223,218	196,143,94	111,105,82
219,224,219	190,129,91	114,100,89
216,224,211	190,134,81	116,95,89
211,225,197	189,130,74	114,104,89
218,224,206	191,137,64	114,108,88
215,224,208	192,139,67	116,106,87
214,224,206	193,140,68	121,104,94
218,224,205	195,143,72	118,101,98
223,224,215	192,139,75	118,97,91
99,78,54	134,175,79	87,85,59
102,78,44	135,175,75	91,89,58
105,72,58	132,175,68	94,75,54
102,73,68	131,175,73	100,66,59
102,73,63	136,176,77	91,71,65
105,72,58	143,176,81	84,68,61
110,72,57	137,177,78	84,68,51
110,76,57	139,176,84	84,68,51
110,80,60	139,176,86	80,64,52
193,200,193	184,191,93	111,99,70
180,201,187	182,193,89	111,102,74
183,203,186	184,192,89	111,94,75
197,204,189	186,191,95	111,91,76
195,201,190	187,192,98	111,90,71
193,198,190	192,187,98	111,87,76
196,199,186	193,188,97	111,90,80
191,200,186	195,190,92	111,90,84
190,202,192	198,183,88	108,95,84
204,217,209	177,191,86	108,91,68
208,216,214	169,187,92	108,87,68
210,217,212	163,185,97	106,93,64
208,216,210	157,182,98	106,96,64
206,216,208	161,182,97	106,93,64
205,216,205	167,182,100	106,93,64
206,216,208	161,180,99	100,94,65
211,215,213	151,179,102	97,95,65
208,216,207	150,179,103	100,82,66
207,218,204	124,175,70	137,132,105
211,218,207	126,175,73	137,134,104
213,218,211	129,175,75	131,135,104
218,215,216	134,175,79	122,135,99
216,215,215	131,173,81	135,136,98
208,217,209	132,174,77	140,132,103
212,219,208	126,175,68	140,131,106
219,219,206	126,175,73	140,134,106
211,218,198	131,175,79	140,141,105
232,235,226	194,136,74	87,72,60
239,236,224	195,145,74	91,81,64
238,234,225	196,142,76	94,75,63
228,234,224	194,153,77	97,70,63
231,234,228	192,153,81	91,67,65
233,235,227	195,152,86	80,68,67
238,236,224	197,150,93	80,68,67
243,232,225	198,151,101	80,68,67
235,235,225	199,161,111	76,60,68
126,133,127	126,158,65	141,124,108
127,131,125	121,160,62	143,129,107
134,131,125	122,158,62	144,135,108
135,129,120	115,159,56	141,124,112
134,134,121	113,159,58	138,120,114
128,132,118	115,161,60	138,126,110
130,124,114	127,161,61	138,129,113
128,128,122	120,163,54	137,134,115
126,133,120	119,164,58	137,131,121
104,119,104	112,155,74	133,109,104
102,120,102	115,154,75	131,113,104
104,119,101	117,153,78	131,117,104
104,119,101	113,154,72	134,110,102
99,118,100	118,155,73	137,102,97
112,120,102	122,157,70	134,111,96
123,113,107	117,159,66	133,116,100
113,107,113	116,159,63	133,109,100
100,111,110	116,159,63	135,98,104
202,211,207	102,144,90	117,90,89
200,209,189	105,145,92	115,91,90
188,196,184	107,147,91	120,101,87
182,168,154	113,146,95	124,98,82
158,131,96	121,144,97	120,93,77
123,102,96	115,142,95	115,95,89
113,97,70	110,139,98	115,94,97
103,85,78	104,141,97	115,94,97
97,86,80	98,139,89	115,99,97
204,212,197	142,176,127	132,109,108
208,199,170	139,175,112	128,112,111
186,169,144	143,171,100	126,110,109
153,120,140	147,166,106	125,101,111
134,113,93	137,165,100	122,109,108
107,112,97	135,161,96	122,109,104
109,102,92	123,160,86	126,107,98
107,92,90	114,160,88	129,101,96
106,97,86	115,160,91	122,106,101
207,221,208	107,158,66	124,112,99
203,220,203	113,158,68	129,101,96
207,219,200	117,158,67	127,99,97
205,216,197	111,157,66	126,104,99
202,212,194	110,153,67	129,98,93
211,210,196	120,151,73	131,100,92
210,205,205	114,154,65	131,97,92
208,208,207	114,152,67	131,100,99
198,214,208	102,154,65	129,101,104
231,236,225	112,154,85	106,80,84
230,235,223	117,154,88	100,82,80
228,235,219	119,154,91	103,85,79
229,235,222	121,155,97	106,80,79
232,234,224	125,155,101	108,71,79
231,235,224	128,155,104	108,75,83
238,236,231	122,158,102	106,76,88
242,230,233	125,160,108	100,81,85
233,234,228	129,160,110	100,86,80
231,236,225	119,147,96	115,94,94
231,236,227	120,146,101	117,90,89
231,236,228	120,143,100	117,94,81
235,236,228	112,143,91	120,90,84
238,236,230	107,142,91	115,91,90
237,236,229	105,140,96	113,96,95
232,237,229	102,138,91	117,97,92
231,232,233	108,137,91	122,92,87
231,233,231	108,138,90	120,90,81
61,64,62	104,141,97	140,134,106
70,73,71	98,139,89	140,141,105
80,83,76	142,176,127	87,72,60
91,88,82	139,175,112	91,81,64
85,87,86	143,171,100	94,75,63
87,75,79	147,166,106	97,70,63
80,83,70	137,165,100	91,67,65
74,82,69	135,161,96	80,68,67
74,82,64	123,160,86	80,68,67
55,44,47	114,160,88	80,68,67
48,47,46	115,160,91	76,60,68
48,47,39	107,158,66	141,124,108
41,46,27	113,158,68	143,129,107
41,46,33	117,158,67	144,135,108
41,46,38	111,157,66	141,124,112
48,42,40	110,153,67	138,120,114
41,46,33	120,151,73	138,126,110
41,41,45	114,154,65	138,129,113
204,217,221	114,152,67	137,134,115
208,223,205	102,154,65	137,131,121
204,209,208	112,154,85	133,109,104
203,181,168	104,141,97	131,113,104
177,141,105	98,139,89	131,117,104
137,103,118	142,176,127	134,110,102
123,99,93	139,175,112	137,102,97
107,92,90	143,171,100	134,111,96
97,87,75	147,166,106	133,116,100
182,196,188	137,165,100	133,109,100
178,197,188	135,161,96	135,98,104
177,196,189	123,160,86	140,134,106
174,197,185	114,160,88	140,141,105
175,195,191	115,160,91	87,72,60
172,196,191	107,158,66	91,81,64
169,195,188	113,158,68	94,75,63
161,197,181	117,158,67	97,70,63
162,194,186	111,157,66	91,67,65
206,216,215	110,153,67	80,68,67
201,214,216	120,151,73	80,68,67
201,210,218	114,154,65	80,68,67
207,215,218	114,152,67	76,60,68
211,219,217	102,154,65	141,124,108
208,222,215	112,154,85	143,129,107
208,220,219	104,141,97	144,135,108
209,220,220	98,139,89	141,124,112
208,216,220	142,176,127	138,120,114
94,87,85	139,175,112	138,126,110
91,85,73	143,171,100	138,129,113
87,80,83	147,166,106	137,134,115
75,72,86	137,165,100	137,131,121
68,71,75	135,161,96	133,109,104
80,78,60	123,160,86	131,113,104
84,77,70	114,160,88	131,117,104
84,77,75	115,160,91	134,110,102
76,78,82	107,158,66	137,102,97
87,75,74	113,158,68	134,111,96
87,75,74	117,158,67	133,116,100
87,75,74	111,157,66	133,109,100
84,82,65	110,153,67	135,98,104
84,87,54	120,151,73	140,134,106
80,83,59	114,154,65	140,141,105
80,73,71	114,152,67	87,72,60
80,78,71	102,154,65	91,81,64
84,82,65	112,154,85	94,75,63
180,199,199	125,168,78	149,130,135
176,201,196	124,170,78	150,133,132
180,201,199	119,170,75	150,126,133
182,203,195	121,170,73	149,130,132
176,202,192	123,171,75	149,116,133
173,202,187	123,171,75	147,130,129
175,202,186	126,171,76	146,126,131
172,203,186	122,171,74	145,136,135
183,202,195	123,170,76	147,125,139
83,87,75	133,172,67	151,120,110
86,85,68	139,173,73	150,126,111
86,85,64	136,174,72	152,122,109
86,85,68	136,174,76	154,121,111
86,85,74	138,176,79	152,121,112
83,82,75	146,177,85	151,125,115
91,80,79	147,177,88	150,119,117
94,83,77	148,177,93	149,128,115
84,81,80	147,178,91	151,124,113
190,205,191	117,167,73	129,113,109
180,205,190	112,166,71	124,117,109
190,205,203	109,165,71	127,111,107
193,205,201	107,163,70	131,116,103
194,205,196	117,163,72	133,115,103
191,206,195	122,166,74	133,112,100
191,206,197	120,166,75	134,107,99
187,206,197	123,166,77	134,107,96
191,206,200	120,166,75	131,103,98
108,117,112	140,180,71	151,125,104
104,116,106	143,181,70	151,128,112
115,116,111	143,181,70	155,124,120
120,111,106	139,180,69	157,122,118
115,101,108	139,180,69	155,122,116
106,108,107	138,180,67	154,124,111
108,114,100	146,182,67	152,124,106
106,115,98	153,182,70	152,122,103
117,119,101	151,183,71	151,126,102
54,53,57	110,147,78	129,103,103
48,52,56	111,145,75	129,103,103
48,52,56	111,145,67	129,94,100
48,52,56	111,142,78	129,98,97
55,54,53	114,140,87	126,93,96
55,49,47	111,139,83	122,95,95
54,54,41	107,139,80	117,104,91
54,60,40	105,138,77	111,97,91
54,54,41	110,139,76	108,89,93
50,89,141	141,179,68	134,102,108
48,86,146	137,179,67	131,106,105
49,84,140	127,179,61	129,110,102
48,77,134	136,178,65	127,112,103
49,72,128	134,180,61	125,104,110
48,66,121	139,179,63	120,110,113
41,71,119	141,180,66	122,109,111
48,73,120	142,179,70	124,108,110
56,76,115	140,179,66	122,109,111
60,64,51	219,175,98	134,123,104
66,65,47	218,178,97	134,123,100
66,65,53	218,182,98	134,123,100
66,65,58	218,178,98	131,132,101
66,65,63	218,174,98	123,131,114
64,58,68	219,178,96	131,134,125
60,64,63	220,175,95	138,134,123
60,64,63	219,174,96	143,134,116
54,58,62	218,171,99	147,127,110
94,91,85	217,177,96	115,109,104
97,94,79	218,174,96	108,101,105
97,94,79	218,173,95	108,98,101
97,99,83	220,171,97	111,86,101
97,99,89	221,170,93	111,97,100
97,94,84	220,169,91	111,104,99
85,98,77	219,173,91	108,101,100
72,93,82	219,173,91	106,99,103
83,94,88	219,173,93	96,98,101
69,108,147	161,181,98	113,93,66
63,108,147	150,181,94	111,94,80
73,106,150	161,180,99	114,93,90
82,107,151	167,182,100	116,95,85
75,99,150	161,180,99	115,96,81
66,104,148	154,178,104	115,96,81
70,102,151	151,178,109	115,96,81
76,105,151	152,180,101	115,103,76
78,107,151	156,181,98	113,104,69
215,223,215	192,131,89	103,101,81
218,222,222	188,134,82	106,97,86
223,224,217	188,133,75	108,95,84
219,224,204	188,139,71	108,95,84
221,224,211	191,143,67	107,100,89
217,224,210	194,141,68	114,93,87
218,224,208	195,142,70	121,93,87
215,224,206	196,140,71	118,93,91
216,224,211	192,138,72	114,96,90
112,86,64	136,175,88	91,89,58
116,80,59	139,176,84	87,85,59
121,83,62	133,175,78	94,75,59
120,83,66	130,175,78	100,74,63
117,87,66	137,177,78	94,79,68
122,79,70	146,177,84	87,72,65
126,85,68	137,178,83	87,72,60
129,77,71	133,175,84	84,73,60
131,82,70	137,175,85	87,68,61
188,201,188	186,191,94	111,94,75
187,202,186	185,192,93	111,98,75
192,204,185	178,191,92	111,94,80
200,203,189	171,189,92	108,95,75
198,201,193	182,192,95	108,91,76
203,197,196	192,190,96	108,95,75
200,199,182	194,189,94	111,98,75
194,200,184	196,187,92	111,98,79
191,202,184	200,181,90	111,94,80
202,217,202	186,195,79	113,97,70
205,216,208	171,191,85	108,95,71
210,217,212	166,189,95	111,94,71
205,216,208	161,186,95	111,95,67
206,216,211	160,185,93	111,90,67
206,216,211	161,183,95	108,91,68
207,215,208	159,180,95	106,93,72
206,216,203	152,179,98	103,93,69
204,216,206	152,180,103	106,85,65
211,219,203	128,177,70	138,130,101
212,219,205	129,177,73	140,122,104
215,218,211	129,175,75	137,134,104
215,208,217	124,174,76	131,135,94
212,215,215	131,174,80	137,138,85
208,217,210	130,175,77	138,130,93
212,218,209	122,175,72	138,130,104
220,217,211	120,173,75	138,124,110
214,219,201	135,176,80	138,132,113
232,235,227	193,128,75	87,85,59
237,236,222	193,135,74	91,89,58
236,235,221	195,132,74	94,75,54
228,234,222	195,144,72	100,66,59
232,234,228	195,142,77	91,71,65
236,234,228	196,147,79	84,68,61
237,235,224	197,143,85	84,68,51
239,236,224	199,146,91	84,68,51
234,235,223	200,148,86	80,64,52
119,125,129	121,161,61	141,121,106
120,130,124	118,159,62	143,124,105
132,132,115	113,158,58	143,124,108
137,131,116	113,156,60	138,117,111
130,134,120	106,157,57	132,126,116
124,131,114	110,157,58	137,119,116
122,129,108	113,158,58	141,124,108
123,127,117	115,159,61	138,124,110
124,128,118	112,160,60	135,126,113
112,120,102	108,152,76	131,109,104
104,119,109	107,151,79	132,109,108
100,116,105	104,152,80	129,117,105
100,116,101	104,153,73	133,116,100
105,117,102	113,153,68	136,109,98
116,117,106	123,154,71	134,114,102
123,106,108	116,156,67	131,114,101
118,111,109	105,157,64	133,106,101
111,116,110	107,156,69	133,109,104
201,211,200	108,142,93	117,87,90
198,207,191	114,145,93	115,95,89
180,196,184	119,147,96	120,100,91
181,171,159	120,146,101	124,95,82
159,115,103	120,143,100	122,85,80
127,107,97	112,143,91	120,90,84
117,95,72	107,142,91	115,91,94
108,86,76	105,140,96	111,97,95
103,80,83	102,138,91	115,91,94
208,212,197	144,180,120	127,105,104
207,194,171	143,178,120	126,110,105
185,161,144	146,181,114	127,102,107
152,137,138	158,177,121	129,101,104
134,103,97	157,171,128	124,111,103
109,110,104	143,168,114	115,112,104
107,100,93	131,162,104	120,103,102
104,93,91	113,160,92	124,102,99
106,88,86	117,157,92	115,106,104
211,220,211	113,158,68	127,105,104
205,221,202	113,158,69	129,104,99
205,221,192	111,160,68	127,101,94
206,217,191	114,158,71	126,104,95
207,213,192	115,155,74	127,106,93
212,210,194	112,154,75	129,108,89
206,196,205	111,154,69	129,105,86
206,210,206	114,155,64	131,104,95
194,215,204	120,154,72	129,104,106
229,236,220	108,156,80	108,82,94
228,235,222	114,156,83	111,82,94
229,235,226	121,156,88	111,86,89
227,233,227	121,156,91	113,89,83
232,230,230	127,154,97	111,87,77
233,235,229	125,157,93	108,90,85
241,236,233	126,159,102	108,86,93
243,231,229	131,162,111	108,82,94
237,235,229	142,163,115	106,88,91
231,236,227	113,147,94	113,99,98
237,236,230	113,145,102	115,94,94
243,237,230	116,140,102	117,97,88
243,235,229	110,142,92	120,93,88
243,236,233	108,144,89	115,95,89
240,233,233	103,141,88	111,97,92
237,236,231	99,139,92	115,95,89
233,235,230	103,138,94	120,93,84
229,234,231	100,140,94	117,94,84
46,70,52	105,140,96	138,124,110
58,75,69	102,138,91	138,132,113
70,78,81	144,180,120	87,85,59
85,87,86	143,178,120	91,89,58
83,85,89	146,181,114	94,75,54
84,82,79	158,177,121	100,66,59
76,79,72	157,171,128	91,71,65
62,80,67	143,168,114	84,68,61
67,84,66	131,162,104	84,68,51
61,49,52	113,160,92	84,68,51
61,44,53	117,157,92	80,64,52
55,49,41	113,158,68	141,121,106
48,47,34	113,158,69	143,124,105
35,44,37	111,160,68	143,124,108
41,52,44	114,158,71	138,117,111
41,46,44	115,155,74	132,126,116
41,46,44	112,154,75	137,119,116
41,46,44	111,154,69	141,124,108
205,220,219	114,155,64	138,124,110
210,219,210	120,154,72	135,126,113
202,207,208	108,156,80	131,109,104
203,173,169	105,140,96	132,109,108
178,114,108	102,138,91	129,117,105
138,114,112	144,180,120	133,116,100
127,94,92	143,178,120	136,109,98
112,94,88	146,181,114	134,114,102
103,85,78	158,177,121	131,114,101
142,168,181	157,171,128	133,106,101
139,169,179	143,168,114	133,109,104
134,178,179	131,162,104	138,124,110
136,168,180	113,160,92	138,132,113
136,172,181	117,157,92	87,85,59
130,163,182	113,158,68	91,89,58
130,173,181	113,158,69	94,75,54
127,171,179	111,160,68	100,66,59
124,181,178	114,158,71	91,71,65
206,216,212	115,155,74	84,68,61
206,209,213	112,154,75	84,68,51
207,212,214	111,154,69	84,68,51
206,208,214	114,155,64	80,64,52
207,215,214	120,154,72	141,121,106
205,213,215	108,156,80	143,124,105
207,219,217	105,140,96	143,124,108
208,214,217	102,138,91	138,117,111
212,216,219	144,180,120	132,126,116
87,89,83	143,178,120	137,119,116
87,85,73	146,181,114	141,124,108
87,80,78	158,177,121	138,124,110
80,73,87	157,171,128	135,126,113
72,75,79	143,168,114	131,109,104
80,83,70	131,162,104	132,109,108
80,78,71	113,160,92	129,117,105
84,77,75	117,157,92	133,116,100
84,77,75	113,158,68	136,109,98
87,81,74	113,158,69	134,114,102
91,75,69	111,160,68	131,114,101
87,81,64	114,158,71	133,106,101
87,76,60	115,155,74	133,109,104
84,82,55	112,154,75	138,124,110
80,83,65	111,154,69	138,132,113
80,83,70	114,155,64	87,85,59
84,82,65	120,154,72	91,89,58
84,82,55	108,156,80	94,75,54
163,193,184	120,169,71	149,126,103
162,192,187	121,170,73	150,122,105
163,194,181	121,170,73	149,119,106
173,194,189	128,168,79	149,115,104
159,196,178	121,170,73	146,116,103
158,193,184	121,170,72	145,120,97
166,195,184	119,171,74	145,121,91
174,195,186	117,173,73	146,120,99
177,197,186	117,171,75	145,120,110
93,93,72	131,174,73	152,125,103
99,82,71	138,174,77	151,126,102
93,84,68	139,174,79	154,125,97
90,80,74	132,174,80	156,121,99
90,89,73	141,177,86	155,124,99
94,83,77	145,177,90	152,125,100
94,87,81	145,177,96	152,122,101
97,94,79	138,176,92	152,122,101
86,90,78	143,178,89	151,124,98
185,200,195	113,166,69	134,107,89
175,200,190	113,166,69	133,105,98
176,201,185	113,166,69	134,107,99
185,200,193	117,164,71	136,107,95
185,198,197	122,166,70	134,111,89
181,198,197	131,167,76	133,105,94
184,199,198	128,167,80	133,105,94
184,199,199	130,166,86	133,100,91
185,202,199	126,168,85	131,100,85
105,110,116	137,181,70	149,119,107
104,113,108	141,180,75	146,127,114
110,116,90	142,182,75	151,123,116
115,117,103	143,184,73	156,119,113
110,108,111	140,183,69	154,121,111
106,104,111	144,182,72	150,124,111
106,111,110	148,183,72	154,121,106
106,115,105	153,185,73	156,119,104
115,117,99	146,185,71	156,121,101
40,41,45	112,145,81	129,98,97
42,46,51	114,145,74	126,100,95
48,58,51	112,143,66	126,97,88
55,59,52	110,143,80	126,93,89
60,58,58	108,141,92	124,92,87
60,55,48	111,139,93	122,85,84
54,49,42	109,138,91	119,93,76
40,52,38	111,137,82	117,94,84
47,53,45	106,138,69	113,92,91
47,87,143	147,180,64	129,108,98
45,78,146	141,180,58	129,104,103
49,82,138	137,180,60	127,108,103
49,76,127	138,181,60	124,114,106
50,67,118	142,180,60	122,109,104
49,72,103	138,181,60	120,107,106
42,74,108	139,180,62	122,106,101
45,73,112	140,180,64	124,101,104
46,81,116	147,179,67	120,110,105
60,69,51	217,180,96	131,115,111
52,64,39	218,177,95	134,115,114
53,63,50	218,181,96	133,118,110
60,64,57	219,182,98	131,122,103
66,65,63	219,178,96	125,129,113
60,64,63	220,178,93	132,128,120
58,57,67	220,174,94	133,134,114
58,62,66	219,173,94	137,132,107
52,61,65	218,170,96	142,128,105
110,99,71	217,174,98	113,115,101
108,87,72	218,172,94	98,108,102
107,99,71	219,169,92	106,99,103
111,91,76	220,169,93	108,98,105
108,95,80	220,172,89	111,89,109
108,86,81	220,175,84	113,95,103
103,97,77	220,176,88	113,99,98
97,86,85	220,174,92	111,97,100
100,94,84	220,173,89	103,96,100
73,109,144	163,185,97	113,86,71
67,110,147	157,182,98	111,94,75
72,104,152	161,182,97	111,87,84
84,104,153	167,182,100	111,94,80
75,102,149	161,180,99	113,93,77
65,98,150	151,179,102	113,89,78
69,101,153	150,179,103	111,82,84
78,107,151	149,180,99	108,95,79
79,106,148	150,180,97	106,96,81
211,223,213	193,132,75	108,90,80
219,223,218	193,127,72	108,91,71
226,224,215	193,131,65	111,87,76
222,224,209	195,133,67	111,91,76
216,223,210	195,141,67	113,89,78
222,224,214	196,142,68	113,92,82
221,224,210	196,143,71	116,91,85
208,224,202	196,140,71	112,94,88
206,222,209	193,138,70	108,90,84
158,88,64	140,174,98	100,87,52
159,95,58	138,173,94	100,81,57
160,78,59	136,174,88	97,83,62
159,96,55	133,175,84	97,82,66
158,92,64	141,175,83	97,78,72
161,101,67	148,176,90	97,70,68
163,91,69	143,176,92	94,75,63
164,100,69	142,175,89	91,71,65
165,88,70	143,176,85	91,71,65
186,203,186	181,192,90	111,102,74
196,203,188	181,191,94	113,96,77
196,204,186	178,190,96	113,96,77
198,204,186	177,189,96	113,93,77
196,203,190	184,191,97	111,98,79
199,201,188	192,184,96	111,106,74
203,201,184	193,188,91	111,102,70
195,201,185	195,190,94	113,101,73
195,202,190	198,187,94	113,96,73
202,217,202	196,198,75	115,99,68
205,217,205	175,193,83	115,95,73
205,217,206	173,192,93	113,96,73
201,217,202	177,189,96	113,93,70
204,216,206	167,188,94	113,93,66
208,216,211	158,184,89	113,89,71
206,216,208	159,182,89	111,91,76
201,216,206	162,179,99	108,91,68
199,215,208	157,181,102	106,89,60
215,218,207	128,176,71	140,135,109
216,219,207	126,177,72	143,132,104
215,218,211	122,174,74	140,137,102
211,217,215	120,174,74	134,138,99
209,216,216	130,175,77	132,140,94
209,217,208	135,176,80	137,134,102
211,218,204	131,175,79	137,132,105
211,217,206	131,172,82	135,132,110
215,219,205	130,175,77	137,131,112
233,234,228	191,135,75	91,89,58
241,236,228	192,141,77	87,85,59
236,235,228	193,137,78	94,75,59
232,234,227	195,145,77	100,74,63
238,234,233	196,142,77	94,79,68
236,234,228	197,143,78	87,72,65
237,234,228	198,146,82	87,72,60
233,235,224	200,147,83	84,73,60
231,235,222	202,144,84	87,68,61
118,125,126	130,166,60	135,123,104
114,128,121	125,164,58	137,119,106
130,130,120	123,160,60	138,120,108
137,125,119	114,161,57	135,123,111
132,132,126	115,158,57	132,132,115
120,130,117	114,158,54	137,125,116
116,130,109	114,155,64	141,130,108
114,125,114	111,157,66	138,127,105
119,126,116	110,157,63	135,127,103
118,115,105	98,150,71	132,113,109
105,112,111	93,149,71	132,113,109
92,110,108	95,149,74	131,119,103
100,116,105	98,151,70	133,112,97
107,115,109	112,151,72	136,110,102
116,109,111	119,153,73	134,111,106
121,111,109	111,150,76	133,115,103
118,111,113	94,152,68	133,109,98
116,113,106	93,153,67	133,112,100
201,211,197	111,142,96	115,91,90
199,208,189	111,146,85	113,96,95
180,187,193	113,147,94	117,97,92
180,167,169	113,145,102	122,92,87
156,128,109	116,140,102	120,90,81
121,100,110	110,142,92	117,90,85
113,96,73	108,144,89	115,95,89
106,88,82	103,141,88	113,96,91
101,81,89	99,139,92	115,95,86
207,211,200	135,173,125	127,109,96
206,200,169	131,178,128	126,110,102
183,167,140	141,178,140	126,107,106
144,126,143	143,181,131	127,99,101
130,115,101	150,177,138	126,108,95
109,110,104	148,176,123	122,110,96
104,101,95	141,173,106	124,108,96
101,90,93	136,168,99	126,100,99
97,90,84	128,165,82	120,103,102
207,221,207	118,158,82	131,100,103
205,222,201	121,155,86	127,102,97
213,219,203	112,157,76	126,100,95
211,218,201	113,158,73	124,108,96
214,214,201	114,157,72	126,107,98
215,206,202	113,157,70	126,111,98
198,201,203	105,156,65	129,111,92
206,206,205	115,159,61	131,107,95
199,214,207	123,159,68	131,104,99
228,235,220	109,154,86	113,84,87
222,235,219	114,156,86	117,87,85
226,234,226	115,157,84	120,90,81
231,235,231	114,158,86	120,87,77
231,231,232	117,157,89	115,92,78
229,235,227	126,158,97	108,90,85
236,236,232	126,161,97	111,90,88
241,236,232	140,165,102	113,84,87
232,235,226	151,170,103	113,88,87
236,235,231	111,146,91	115,94,97
237,234,233	110,144,95	117,93,96
241,236,232	107,141,95	117,97,96
240,236,228	110,142,89	120,97,92
241,236,233	107,143,87	115,99,89
236,233,233	101,142,84	111,102,88
238,236,231	94,139,88	113,100,82
237,236,227	101,137,95	115,95,86
233,232,232	99,139,92	115,99,89
52,72,42	103,141,88	135,132,110
68,81,68	99,139,92	137,131,112
73,79,87	135,173,125	91,89,58
78,89,87	131,178,128	87,85,59
78,84,88	141,178,140	94,75,59
84,76,80	143,181,131	100,74,63
84,77,65	150,177,138	94,79,68
80,78,71	148,176,123	87,72,65
80,78,75	141,173,106	87,72,60
71,59,58	136,168,99	84,73,60
67,54,53	128,165,82	87,68,61
66,60,47	118,158,82	135,123,104
55,54,35	121,155,86	137,119,106
41,46,44	112,157,76	138,120,108
48,52,51	113,158,73	135,123,111
48,47,52	114,157,72	132,132,115
56,59,52	113,157,70	137,125,116
56,59,52	105,156,65	141,130,108
207,222,215	115,159,61	138,127,105
199,220,201	123,159,68	135,127,103
192,197,206	109,154,86	132,113,109
199,171,173	103,141,88	132,113,109
174,135,105	99,139,92	131,119,103
135,117,114	135,173,125	133,112,97
125,105,92	131,178,128	136,110,102
114,93,87	141,178,140	134,111,106
106,96,77	143,181,131	133,115,103
114,145,153	150,177,138	133,109,98
108,141,153	148,176,123	133,112,100
99,148,151	141,173,106	135,132,110
107,136,156	136,168,99	137,131,112
114,146,157	128,165,82	91,89,58
107,141,158	118,158,82	87,85,59
98,143,156	121,155,86	94,75,59
98,141,156	112,157,76	100,74,63
96,147,155	113,158,73	94,79,68
160,172,205	114,157,72	87,72,65
165,187,203	113,157,70	87,72,60
165,177,203	105,156,65	84,73,60
162,177,205	115,159,61	87,68,61
162,176,206	123,159,68	135,123,104
162,187,207	109,154,86	137,119,106
163,181,210	103,141,88	138,120,108
165,194,209	99,139,92	135,123,111
169,179,212	135,173,125	132,132,115
91,88,82	131,178,128	137,125,116
91,85,73	141,178,140	141,130,108
91,80,78	143,181,131	138,127,105
81,74,83	150,177,138	135,127,103
78,71,80	148,176,123	132,113,109
74,77,75	141,173,106	132,113,109
74,77,75	136,168,99	131,119,103
80,78,75	128,165,82	133,112,97
87,76,69	118,158,82	136,110,102
87,84,82	121,155,86	134,111,106
94,83,77	112,157,76	133,115,103
91,89,77	113,158,73	133,109,98
87,85,73	114,157,72	133,112,100
84,82,69	113,157,70	135,132,110
80,83,70	105,156,65	137,131,112
84,82,75	115,159,61	91,89,58
84,82,65	123,159,68	87,85,59
84,87,54	109,154,86	94,75,59
127,158,175	121,171,69	150,116,101
127,163,174	116,170,65	150,116,101
129,160,175	117,170,67	149,115,104
131,157,178	123,171,71	147,115,102
124,158,178	126,170,72	145,115,104
119,165,177	125,172,68	140,120,96
126,159,179	132,173,76	143,115,89
134,168,180	125,172,78	146,117,91
138,163,180	128,170,82	142,116,100
102,89,70	132,174,82	154,127,102
108,91,72	139,175,85	151,126,102
103,89,74	140,176,85	155,122,97
93,97,76	138,176,86	158,122,94
97,100,79	138,177,90	156,127,98
100,98,79	138,178,93	154,129,99
100,90,80	140,176,100	155,125,102
97,94,79	139,175,95	156,127,101
94,91,81	144,175,90	152,127,103
147,172,191	111,165,71	139,107,93
148,191,185	112,166,68	139,104,94
159,189,184	115,168,65	139,105,97
158,187,189	123,168,69	139,104,94
147,175,190	128,168,73	136,109,91
142,179,189	132,169,81	133,109,97
145,177,191	131,168,86	131,103,98
147,187,191	130,168,83	129,104,95
149,179,192	124,170,74	133,103,87
103,108,114	144,183,69	147,129,103
97,114,108	134,183,68	146,127,110
98,118,100	139,185,70	151,126,110
106,115,110	150,185,73	156,120,107
108,109,113	143,186,71	152,122,106
110,111,111	146,184,73	150,118,109
106,115,105	150,185,74	150,124,108
102,115,97	153,186,72	151,118,107
110,116,94	145,187,65	152,120,106
47,47,34	118,143,85	129,95,96
47,42,40	115,144,78	122,98,97
47,53,45	114,143,76	122,92,95
55,59,52	109,142,81	122,92,91
48,52,56	106,142,87	122,92,91
48,47,52	107,140,88	122,92,83
47,47,40	111,137,92	122,91,79
48,47,46	107,139,80	122,91,79
48,47,46	104,140,69	117,90,84
44,77,135	147,182,62	127,105,100
46,76,139	145,183,63	127,105,96
52,79,134	145,182,63	124,108,99
49,67,126	146,183,65	120,111,102
44,66,114	147,182,62	120,107,102
46,65,100	138,182,59	117,108,102
35,66,101	136,180,63	122,106,101
39,61,107	137,181,64	124,108,95
38,73,118	141,181,65	120,114,97
60,64,57	218,177,92	130,116,119
48,57,56	219,177,91	130,113,126
35,60,53	219,177,95	130,117,115
47,66,60	218,178,97	129,120,104
60,64,57	218,177,94	129,127,107
60,64,57	218,176,90	131,125,109
60,64,57	218,172,90	131,132,106
60,64,63	218,172,91	136,128,96
54,63,62	217,168,94	139,128,97
124,118,102	217,176,92	113,115,96
115,117,107	219,168,91	108,114,95
117,111,106	220,169,91	111,108,98
120,111,102	220,174,93	113,107,105
120,100,99	218,176,91	108,94,110
117,108,98	220,180,89	111,96,109
115,102,100	221,174,90	111,101,99
111,109,99	221,178,91	111,101,95
111,97,100	221,173,90	106,99,94
73,104,145	166,189,95	111,99,70
69,106,148	161,186,95	111,102,74
75,102,153	160,185,93	111,94,75
84,104,153	161,183,95	111,91,76
75,94,150	159,180,95	111,90,71
63,100,148	152,179,98	111,87,76
70,99,151	152,180,103	111,90,80
79,105,151	152,180,101	111,90,84
78,101,150	146,180,98	108,95,84
208,222,207	195,139,70	111,94,80
214,223,210	196,134,68	111,94,80
218,223,210	199,139,66	111,91,76
216,223,208	201,135,66	115,92,74
215,223,209	200,147,64	117,90,72
219,223,211	198,143,67	113,89,78
226,223,217	197,147,69	108,90,80
216,224,211	195,139,73	106,88,86
215,222,215	195,141,75	100,90,83
185,126,106	138,174,94	111,91,58
185,121,106	129,173,87	108,84,59
185,126,102	139,173,86	103,85,66
184,123,99	140,174,88	94,88,72
183,133,106	148,173,96	100,86,70
185,134,112	148,176,90	103,82,66
187,134,108	146,177,85	100,87,57
187,132,108	145,176,89	97,79,62
187,132,111	141,177,90	97,70,63
187,199,191	176,192,90	113,100,81
194,201,192	175,190,94	113,100,81
190,203,185	177,189,98	115,98,81
193,204,187	174,190,93	115,96,81
193,203,189	181,192,90	114,96,86
196,202,186	192,190,95	111,102,79
195,201,180	193,191,95	113,97,70
192,201,187	193,191,95	113,96,73
193,202,197	197,188,92	113,96,73
211,217,206	200,194,84	120,105,71
205,216,204	181,196,84	122,96,74
204,216,206	179,197,85	117,98,76
204,217,203	186,194,92	113,96,77
210,217,206	177,189,96	115,98,76
210,217,206	157,186,92	115,92,77
211,216,212	162,184,94	113,92,82
206,216,214	159,183,95	111,91,76
205,214,214	154,183,96	108,91,71
213,218,208	128,175,72	146,136,114
213,219,208	126,174,74	146,138,108
212,219,208	126,173,76	143,141,99
208,218,210	118,173,71	140,137,106
206,212,217	131,173,75	141,136,104
211,218,210	143,176,80	141,124,106
213,218,199	136,177,82	140,132,103
219,217,209	133,175,78	138,129,107
215,218,210	126,177,72	141,130,105
234,235,225	193,132,75	100,87,52
243,235,232	193,134,79	100,81,57
238,234,234	194,131,80	97,83,62
237,234,231	195,139,78	97,82,66
238,235,228	196,144,80	97,78,72
234,235,223	197,140,79	97,70,68
235,235,225	199,137,78	94,75,63
234,235,224	199,144,77	91,71,65
234,235,224	199,146,82	91,71,65
125,129,119	132,170,60	127,114,100
124,128,122	127,168,63	130,107,105
130,130,120	119,167,60	132,116,100
135,119,124	115,167,59	132,120,100
131,127,128	117,164,60	130,117,104
127,131,121	112,161,59	135,114,105
120,127,117	105,160,57	140,117,98
116,120,118	105,160,57	137,122,96
120,125,114	103,158,61	134,122,98
116,109,111	110,152,68	131,109,104
105,109,111	104,150,71	132,103,109
96,104,110	106,153,68	131,109,104
96,107,109	113,154,72	133,105,104
100,104,111	116,155,73	134,107,103
109,110,112	120,154,77	134,107,105
118,111,113	109,153,74	133,109,104
113,110,112	105,152,72	133,106,101
116,113,106	106,153,68	131,109,104
201,207,205	108,144,92	115,95,89
207,206,198	105,148,84	111,97,92
182,192,191	111,146,91	115,95,89
178,171,168	110,144,95	120,93,84
152,113,107	107,141,95	117,94,84
109,114,108	110,142,89	113,96,91
106,100,85	107,143,87	115,95,89
100,94,83	101,142,84	115,95,89
97,86,80	94,139,88	117,90,89
201,210,202	133,162,119	126,110,105
206,193,171	134,169,118	124,111,106
181,159,140	143,173,124	126,110,105
134,139,137	153,177,127	126,107,106
127,107,97	152,181,126	127,109,104
109,106,95	159,181,126	127,112,103
103,101,85	149,181,120	127,112,107
95,91,90	147,177,114	126,107,102
87,88,92	135,174,104	126,100,99
214,221,211	138,163,95	129,104,99
215,220,210	134,162,92	127,102,97
220,213,215	130,160,87	126,107,91
217,215,214	125,160,78	126,111,98
221,214,207	126,160,73	126,110,102
216,211,203	120,159,68	126,114,101
200,201,205	116,159,63	127,109,100
201,210,197	118,159,62	129,108,95
197,214,205	115,162,63	129,104,89
226,234,223	128,154,96	115,88,83
219,234,222	125,159,86	120,90,81
227,235,224	130,162,84	120,87,77
237,236,231	132,164,84	120,76,80
233,227,233	141,165,93	115,87,78
229,231,231	140,166,97	111,87,85
230,230,232	143,166,97	113,89,83
233,235,229	142,171,89	115,84,82
227,236,221	144,174,88	113,89,83
234,235,230	109,147,89	115,88,98
236,234,232	108,144,89	117,93,96
233,235,228	108,141,91	117,93,100
236,236,229	108,141,87	117,101,95
232,235,229	105,142,86	115,105,93
231,236,230	99,141,81	111,105,96
235,236,227	96,140,87	111,101,96
239,236,224	95,137,91	111,101,96
241,236,232	94,139,88	113,99,94
60,69,51	101,142,84	138,129,107
80,78,65	94,139,88	141,130,105
78,81,79	133,162,119	100,87,52
75,91,78	134,169,118	100,81,57
78,94,81	143,173,124	97,83,62
81,88,82	153,177,127	97,82,66
87,80,78	152,181,126	97,78,72
91,80,74	159,181,126	97,70,68
87,76,69	149,181,120	94,75,63
76,60,58	147,177,114	91,71,65
76,60,53	135,174,104	91,71,65
71,59,52	138,163,95	127,114,100
61,59,51	134,162,92	130,107,105
48,58,51	130,160,87	132,116,100
54,57,56	125,160,78	132,120,100
54,57,56	126,160,73	130,117,104
61,69,62	120,159,68	135,114,105
67,65,63	116,159,63	140,117,98
207,220,215	118,159,62	137,122,96
202,217,204	115,162,63	134,122,98
191,204,204	128,154,96	131,109,104
196,176,172	101,142,84	132,103,109
171,127,107	94,139,88	131,109,104
132,129,116	133,162,119	133,105,104
125,108,99	134,169,118	134,107,103
114,107,97	143,173,124	134,107,105
109,110,91	153,177,127	133,109,104
125,122,104	152,181,126	133,106,101
108,129,97	159,181,126	131,109,104
106,124,109	149,181,120	138,129,107
109,129,108	147,177,114	141,130,105
120,124,121	135,174,104	100,87,52
107,130,116	138,163,95	100,81,57
103,112,125	134,162,92	97,83,62
100,128,125	130,160,87	97,82,66
104,119,127	125,160,78	97,78,72
145,144,181	126,160,73	97,70,68
148,154,180	120,159,68	94,75,63
147,148,180	116,159,63	91,71,65
141,155,179	118,159,62	91,71,65
147,151,182	115,162,63	127,114,100
151,161,184	128,154,96	130,107,105
151,156,187	101,142,84	132,116,100
156,166,187	94,139,88	132,120,100
157,161,189	133,162,119	130,117,104
94,83,86	134,169,118	135,114,105
94,79,86	143,173,124	140,117,98
91,80,87	153,177,127	137,122,96
87,80,83	152,181,126	134,122,98
76,73,82	159,181,126	131,109,104
70,78,81	149,181,120	132,103,109
62,79,73	147,177,114	131,109,104
80,78,65	135,174,104	133,105,104
91,75,69	138,163,95	134,107,103
85,83,87	134,162,92	134,107,105
91,80,87	130,160,87	133,109,104
91,84,87	125,160,78	133,106,101
91,84,82	126,160,73	131,109,104
87,85,78	120,159,68	138,129,107
84,87,80	116,159,63	141,130,105
84,87,80	118,159,62	100,87,52
84,82,65	115,162,63	100,81,57
84,87,49	128,154,96	97,83,62
91,117,146	122,170,66	149,118,95
93,132,145	118,170,64	149,115,99
93,122,146	112,170,64	147,116,98
91,125,147	117,173,65	146,116,100
89,117,149	123,173,65	143,118,102
86,131,148	131,175,66	142,117,96
92,124,152	140,174,73	142,119,86
98,135,151	138,173,78	146,114,86
104,130,152	130,172,74	142,115,83
130,108,60	135,176,85	158,123,99
136,90,68	137,176,84	159,118,97
129,109,70	144,177,86	158,125,91
124,99,74	144,177,87	158,126,94
124,113,73	138,179,89	158,127,96
126,104,73	132,175,90	159,130,97
127,110,67	139,175,95	160,129,98
127,93,73	138,174,89	161,130,99
126,104,73	142,173,87	159,126,101
137,166,170	117,166,74	137,108,96
139,172,165	113,167,68	137,108,96
147,171,165	117,169,63	137,106,94
146,168,169	125,169,72	137,102,94
135,166,170	127,168,77	136,107,95
125,166,169	131,168,85	134,110,98
128,172,170	132,168,91	134,107,99
129,171,170	133,170,82	133,103,98
132,176,170	127,171,69	133,106,90
106,115,110	143,183,67	147,140,111
104,109,112	136,183,66	146,138,115
103,108,114	142,184,70	151,134,112
103,108,114	149,183,75	156,127,106
107,108,115	143,183,75	152,122,106
115,109,112	139,182,75	149,133,109
108,114,100	146,183,75	147,140,111
101,111,96	149,185,69	146,133,110
106,116,90	141,184,62	149,128,109
47,42,40	113,145,83	129,98,97
47,42,40	115,145,83	126,97,95
55,49,47	115,143,82	124,98,93
55,49,47	113,141,86	124,91,94
42,46,51	107,141,87	122,95,95
28,39,43	107,140,88	120,103,86
40,36,39	104,138,85	119,97,80
48,42,46	101,140,76	120,94,80
49,37,54	96,140,66	116,94,80
49,72,128	145,183,63	127,105,96
54,82,130	142,182,66	127,101,93
62,90,128	142,181,69	124,105,92
54,76,124	140,182,68	120,111,93
50,67,112	141,180,66	120,111,93
54,76,93	143,181,60	120,103,98
47,72,96	139,179,64	122,109,96
50,78,101	142,181,67	126,110,90
44,71,122	142,181,69	122,113,84
64,58,68	219,177,91	127,105,104
58,57,67	220,174,93	128,98,112
52,56,66	220,169,92	126,110,105
60,64,63	218,173,94	129,114,98
66,65,58	216,175,94	131,116,103
60,65,46	216,174,89	132,119,114
55,59,52	216,174,89	129,124,107
55,59,52	216,174,88	133,118,103
53,63,56	215,167,93	136,119,104
120,127,125	219,171,86	113,110,101
116,129,124	220,171,87	115,106,100
116,125,125	221,169,90	117,100,95
117,132,115	220,177,91	117,97,99
124,130,110	218,177,92	113,88,103
125,130,114	219,178,94	106,99,103
124,128,115	219,169,92	108,105,100
117,129,105	220,173,90	108,98,96
121,127,102	221,169,89	106,92,98
76,108,144	173,192,93	111,94,75
68,104,147	177,189,96	111,98,75
70,102,151	167,188,94	111,94,80
77,105,150	158,184,89	108,95,75
73,105,148	159,182,89	108,91,76
64,105,147	162,179,99	108,95,75
69,106,149	157,181,102	111,98,75
77,108,150	159,178,108	111,98,79
77,105,150	152,179,104	111,94,80
205,222,207	195,137,67	113,96,77
206,223,205	197,134,67	111,93,83
210,223,210	199,140,69	108,90,80
215,222,217	200,144,66	111,94,75
214,223,216	199,141,63	113,93,74
217,223,219	199,143,65	111,94,71
219,223,215	196,142,67	108,95,75
217,225,208	194,140,75	108,91,76
222,224,216	195,139,80	106,84,73
197,164,140	134,176,84	106,93,64
199,163,139	128,175,78	106,85,69
199,166,131	133,175,77	100,94,69
197,165,127	132,175,87	94,93,71
197,170,139	136,175,98	100,86,70
198,174,146	138,175,86	106,81,61
199,172,141	142,177,76	103,85,52
199,176,141	142,175,89	100,81,57
199,176,144	142,176,99	97,83,62
191,197,193	181,191,99	114,104,85
189,200,189	172,191,93	112,102,87
182,202,179	179,191,97	113,104,81
187,202,184	186,191,95	118,97,87
188,202,186	187,192,87	114,99,93
191,201,184	192,190,92	111,102,82
198,201,186	194,189,96	113,101,69
196,201,193	196,185,93	117,90,72
192,201,196	199,184,89	115,95,73
219,218,208	203,194,94	117,101,76
207,217,201	199,200,90	117,98,80
196,215,201	194,200,83	115,98,81
203,217,204	189,197,89	114,93,87
213,218,205	184,194,95	114,96,86
210,219,202	179,191,96	114,93,87
211,217,209	171,189,95	112,94,88
210,214,215	170,187,97	109,90,89
210,217,212	162,184,95	106,97,86
212,219,208	128,175,73	150,137,117
211,218,207	133,175,76	148,137,111
209,219,204	129,174,76	146,143,107
212,218,211	124,174,70	140,144,109
211,212,216	132,175,67	144,139,113
210,217,209	141,174,79	146,136,114
218,218,205	141,175,85	144,135,111
222,219,210	140,176,80	141,138,117
215,217,213	135,176,74	146,141,114
240,235,225	194,132,74	111,91,58
243,235,226	195,134,76	108,84,59
240,236,228	195,134,76	103,85,66
239,235,229	195,136,73	94,88,72
242,234,233	195,142,77	100,86,70
240,235,228	197,142,76	103,82,66
238,236,225	200,139,76	100,87,57
236,235,225	198,144,78	97,79,62
241,234,232	196,144,81	97,70,63
132,132,119	120,171,59	121,100,98
128,132,118	121,171,66	121,108,105
132,132,119	114,173,62	123,117,95
132,129,119	112,169,62	125,108,87
134,131,121	114,169,62	127,105,90
134,128,118	119,168,59	128,106,92
124,124,122	116,169,53	130,108,92
110,125,118	117,166,51	130,111,91
119,126,120	123,163,62	128,116,98
111,116,110	120,155,71	129,114,105
105,116,110	111,155,68	131,107,106
103,110,109	117,158,67	132,103,109
98,106,108	123,158,68	134,105,112
92,107,109	117,158,67	134,109,108
97,108,114	116,157,71	133,109,104
108,108,114	110,157,73	131,107,106
113,107,113	109,155,72	131,110,102
116,112,111	116,155,73	130,110,109
198,204,207	111,143,94	115,99,89
207,207,198	105,146,88	111,102,88
187,190,191	109,147,89	113,100,82
179,164,162	108,144,89	115,95,86
153,130,99	108,141,91	115,99,89
114,110,109	108,141,87	115,99,89
109,99,88	105,142,86	115,99,89
103,93,82	99,141,81	117,90,89
97,91,70	96,140,87	117,93,88
200,205,207	125,159,96	127,108,107
201,202,170	135,162,103	127,105,108
181,166,136	138,166,103	126,110,105
144,122,136	145,169,120	127,103,110
127,111,90	141,172,128	130,107,111
104,105,89	138,176,135	132,113,111
97,100,78	142,176,148	130,110,117
95,83,90	140,180,129	127,112,107
86,83,95	141,178,126	126,108,95
216,221,212	147,170,106	129,104,99
217,221,211	137,169,106	127,105,100
219,218,213	134,166,99	127,105,100
221,218,212	136,164,94	126,110,105
222,210,203	133,163,88	126,110,109
216,208,198	133,161,86	124,111,106
201,207,203	125,160,78	126,107,106
199,211,197	125,158,75	126,107,98
194,214,206	114,159,71	127,102,90
230,235,226	127,161,91	117,90,89
229,235,224	136,165,88	122,93,84
229,235,223	140,167,84	120,94,80
230,236,225	151,170,83	117,90,77
230,235,229	156,172,84	115,95,77
227,230,231	150,175,84	113,92,83
230,229,232	151,174,81	115,91,86
237,236,231	145,176,75	117,90,85
233,235,226	147,175,77	115,95,86
234,235,232	108,146,93	113,99,94
233,235,228	106,145,93	115,102,97
232,236,226	107,142,91	115,102,100
231,236,225	109,140,88	113,103,98
230,236,227	104,141,86	113,107,93
231,232,232	99,141,81	115,106,101
237,236,227	98,140,83	113,103,106
235,236,217	97,137,88	113,103,102
233,235,225	92,137,85	115,99,93
67,70,57	99,141,81	141,138,117
80,83,59	96,140,87	146,141,114
78,86,63	125,159,96	111,91,58
75,91,69	135,162,103	108,84,59
83,95,73	138,166,103	103,85,66
94,91,80	145,169,120	94,88,72
91,88,87	141,172,128	100,86,70
91,89,73	138,176,135	103,82,66
84,77,60	142,176,148	100,87,57
61,54,52	140,180,129	97,79,62
61,59,51	141,178,126	97,70,63
61,58,58	147,170,106	121,100,98
55,58,62	137,169,106	121,108,105
48,61,60	134,166,99	123,117,95
49,57,55	136,164,94	125,108,87
54,52,62	133,163,88	127,105,90
53,56,65	133,161,86	128,106,92
53,51,66	125,160,78	130,108,92
212,221,213	125,158,75	130,111,91
211,218,199	114,159,71	128,116,98
201,202,203	127,161,91	129,114,105
195,169,167	99,141,81	131,107,106
170,138,102	96,140,87	132,103,109
134,128,115	125,159,96	134,105,112
125,118,101	135,162,103	134,109,108
114,111,104	138,166,103	133,109,104
104,109,103	145,169,120	131,107,106
89,103,96	141,172,128	131,110,102
78,91,98	138,176,135	130,110,109
67,102,94	142,176,148	141,138,117
71,92,98	140,180,129	146,141,114
75,98,101	141,178,126	111,91,58
69,85,103	147,170,106	108,84,59
64,95,101	137,169,106	103,85,66
72,87,105	134,166,99	94,88,72
75,93,107	136,164,94	100,86,70
153,136,128	133,163,88	103,82,66
153,115,130	133,161,86	100,87,57
153,139,128	125,160,78	97,79,62
153,125,129	125,158,75	97,70,63
154,142,126	114,159,71	121,100,98
157,127,137	127,161,91	121,108,105
159,145,143	99,141,81	123,117,95
162,130,142	96,140,87	125,108,87
163,149,142	125,159,96	127,105,90
82,71,93	135,162,103	128,106,92
81,74,95	138,166,103	130,108,92
90,78,91	145,169,120	130,111,91
81,79,83	141,172,128	128,116,98
75,72,86	138,176,135	129,114,105
68,74,87	142,176,148	131,107,106
67,84,71	140,180,129	132,103,109
73,82,54	141,178,126	134,105,112
84,77,70	147,170,106	134,109,108
87,80,83	137,169,106	133,109,104
80,82,86	134,166,99	131,107,106
87,80,93	136,164,94	131,110,102
94,87,85	133,163,88	130,110,109
91,89,77	133,161,86	141,138,117
84,87,74	125,160,78	146,141,114
84,87,74	125,158,75	111,91,58
84,87,69	114,159,71	108,84,59
81,89,62	127,161,91	103,85,66
107,118,83	124,170,64	149,118,101
113,115,88	120,171,61	146,119,102
104,117,79	114,170,63	145,120,104
111,97,92	119,170,66	143,122,98
104,117,87	122,173,63	143,124,95
111,109,103	125,173,61	142,120,93
109,122,100	131,172,69	145,121,88
122,109,104	126,173,69	146,117,88
117,127,94	132,173,70	145,117,89
151,143,118	137,177,88	163,128,93
156,145,113	142,179,86	165,122,92
150,142,123	144,177,85	162,128,93
135,146,117	142,177,89	158,129,95
144,138,124	137,176,89	161,123,97
134,148,117	131,173,90	163,124,98
147,144,127	133,173,89	165,125,101
148,145,123	136,173,85	166,123,99
147,130,126	140,173,81	165,124,99
130,147,127	128,167,80	137,114,103
131,145,131	118,167,71	134,114,101
133,147,129	120,169,63	136,110,101
138,134,143	127,169,70	136,109,98
126,141,143	129,168,75	136,106,98
117,132,142	127,169,77	136,110,101
122,147,139	134,169,81	136,112,105
127,140,146	136,172,74	136,109,98
124,150,146	125,172,68	134,107,96
104,116,106	144,182,71	151,143,116
108,113,112	144,183,70	147,148,119
107,101,116	143,183,68	151,144,113
101,106,116	145,183,72	154,137,109
103,108,118	139,182,74	152,137,104
111,109,116	134,180,72	151,140,108
108,114,108	141,180,75	152,137,107
94,112,101	144,183,70	152,130,108
98,118,96	139,183,65	154,132,104
40,46,38	108,146,76	129,98,100
40,41,45	112,145,76	127,98,94
40,46,45	115,143,79	126,104,91
40,41,45	111,142,78	124,97,89
34,44,37	106,142,79	122,95,90
28,39,37	107,140,81	117,104,91
34,40,38	108,136,85	117,100,95
40,46,45	97,139,74	117,96,87
42,46,51	91,140,64	116,97,76
44,70,128	145,182,63	127,105,104
51,76,136	145,182,66	126,107,102
62,84,135	139,182,66	124,101,104
53,69,133	130,183,62	120,111,102
44,68,123	132,181,63	122,116,100
48,64,115	138,181,61	122,113,104
48,71,114	145,182,66	124,115,102
51,74,116	149,181,70	126,110,94
47,73,123	147,183,70	126,104,91
70,64,63	219,169,92	127,95,90
70,59,64	219,170,95	126,104,91
66,60,64	218,164,93	122,109,96
66,60,64	217,167,90	124,108,95
66,60,59	216,166,90	124,111,110
60,58,58	216,171,90	127,116,119
48,57,56	216,166,88	127,125,112
54,53,57	215,171,82	129,117,105
53,63,56	215,165,90	131,113,108
121,135,109	220,171,87	113,107,105
124,133,118	221,172,86	113,103,101
121,137,116	221,173,89	115,102,96
125,136,114	220,177,91	117,100,95
126,139,105	218,180,91	113,95,95
137,137,119	218,180,91	108,98,96
126,139,120	218,177,92	108,101,96
129,136,120	220,182,92	111,97,100
126,139,111	221,174,90	106,99,103
73,102,147	179,197,85	111,102,74
64,102,147	186,194,92	113,96,77
66,101,148	177,189,96	113,96,77
70,106,147	157,186,92	113,93,77
68,110,145	162,184,94	111,98,79
65,105,145	159,183,95	111,106,74
71,109,146	154,183,96	111,102,70
73,107,146	154,180,102	113,101,73
78,104,149	152,180,101	113,96,73
215,223,209	196,146,67	113,96,77
213,223,205	197,142,68	111,98,83
207,222,211	199,149,71	106,100,81
213,223,218	199,148,67	108,102,78
216,221,222	199,142,64	108,98,79
216,220,222	199,143,65	108,95,79
221,223,220	196,142,67	108,95,75
218,224,207	193,141,78	111,94,75
218,224,214	196,136,87	111,90,71
207,187,166	130,179,77	103,97,69
209,189,159	128,176,78	100,99,69
212,185,154	128,175,78	92,104,61
209,199,152	124,174,82	94,97,66
207,194,160	126,174,84	100,90,65
208,204,160	131,175,80	106,85,65
208,195,162	137,174,75	103,85,61
205,207,160	135,175,81	100,87,57
208,198,166	137,175,89	100,94,56
190,197,187	188,186,106	113,108,85
189,198,187	175,189,101	108,110,86
186,200,185	182,191,102	113,107,80
189,202,184	192,193,98	117,105,75
187,202,183	192,190,90	115,106,75
189,202,183	192,190,94	111,110,73
195,201,187	195,190,95	115,106,72
197,194,197	197,185,91	120,102,75
191,196,198	201,178,86	116,99,84
211,216,209	207,198,91	117,98,80
207,217,198	204,198,87	113,104,76
208,217,205	201,203,83	113,100,77
208,217,207	194,200,84	111,98,83
212,217,207	191,199,85	112,97,87
209,219,201	195,196,93	112,97,87
211,218,209	187,194,94	109,90,93
208,215,215	180,190,95	107,96,89
210,217,212	169,187,92	106,97,86
209,217,207	130,174,78	150,142,122
216,215,215	134,175,79	148,140,120
212,218,209	136,173,80	147,147,114
217,218,214	134,175,79	143,149,116
214,217,213	134,176,78	147,141,124
213,218,208	139,174,81	148,142,122
217,219,206	148,173,88	147,141,120
222,219,212	145,176,79	147,140,125
215,218,215	141,177,74	148,139,124
233,235,214	196,130,75	106,93,64
240,235,221	196,136,72	106,85,69
238,236,222	196,135,69	100,94,69
233,235,223	196,138,68	94,93,71
240,235,233	197,133,73	100,86,70
241,233,232	197,138,75	106,81,61
234,234,224	198,135,77	103,85,52
230,234,225	198,139,77	100,81,57
235,234,228	198,135,77	97,83,62
125,129,119	118,167,58	111,98,83
122,132,115	117,169,59	112,105,90
130,130,120	117,170,59	112,105,90
134,124,115	118,171,60	116,95,93
132,129,112	122,170,63	121,97,91
132,122,120	124,171,60	121,93,92
122,122,124	136,173,63	118,101,91
110,126,121	135,173,61	121,100,91
116,120,121	135,170,67	123,106,89
116,112,111	111,156,67	128,112,111
109,113,111	108,155,67	130,104,110
107,115,109	113,156,66	131,109,104
107,115,101	116,157,65	131,107,106
109,110,112	116,157,65	131,109,104
100,104,117	113,157,70	131,107,106
102,102,116	107,156,73	129,115,102
109,113,111	107,156,73	129,115,102
113,118,107	109,156,71	127,115,107
198,209,203	114,145,93	115,105,93
209,207,196	109,149,90	111,105,96
186,196,183	108,146,93	111,101,96
179,165,158	106,145,93	111,101,96
156,112,103	107,142,91	113,99,94
116,112,111	109,140,88	115,99,93
112,90,92	104,141,86	117,101,95
106,92,82	99,141,81	120,97,92
97,95,70	98,140,83	120,93,92
198,210,199	120,154,97	129,107,106
204,196,172	123,158,95	129,111,106
181,156,137	125,158,99	127,118,110
147,134,132	125,160,106	127,110,112
127,108,94	130,160,119	132,100,106
94,103,92	124,166,118	135,104,107
95,96,90	140,170,126	134,102,116
91,88,87	148,176,124	129,107,106
85,79,87	148,180,119	126,114,97
209,222,208	132,171,114	129,108,99
213,221,210	133,168,121	131,110,102
217,220,210	128,170,108	131,107,106
217,217,209	131,169,101	132,103,109
220,215,205	135,168,99	130,107,111
215,211,197	141,167,97	130,107,111
202,197,205	146,165,94	129,107,106
198,210,201	140,164,83	131,107,95
186,213,205	137,162,82	129,109,85
235,231,232	129,167,92	115,99,93
240,235,232	134,169,88	120,104,86
236,236,230	130,170,80	117,98,80
230,235,228	139,172,75	115,91,82
224,236,223	143,174,74	115,98,77
227,232,231	143,173,75	115,99,85
232,224,233	138,174,69	115,99,89
240,233,233	140,174,64	117,90,89
238,233,232	153,173,70	115,95,89
231,235,228	112,145,100	113,111,92
231,236,227	108,144,100	113,107,102
232,236,227	105,142,93	111,108,108
229,236,223	105,142,86	108,110,104
229,235,226	109,140,88	113,107,98
236,232,232	99,141,81	117,104,95
238,236,228	95,139,78	115,106,96
232,236,222	99,138,78	113,103,98
228,234,226	105,136,87	117,100,99
71,69,56	99,141,81	147,140,125
76,79,66	98,140,83	148,139,124
78,86,68	120,154,97	106,93,64
75,91,74	123,158,95	106,85,69
86,98,85	125,158,99	100,94,69
100,97,86	125,160,106	94,93,71
98,90,88	130,160,119	100,86,70
91,89,77	124,166,118	106,81,61
84,73,66	140,170,126	103,85,52
36,50,54	148,176,124	100,81,57
42,50,55	148,180,119	97,83,62
49,57,55	132,171,114	111,98,83
49,57,55	133,168,121	112,105,90
42,57,50	128,170,108	112,105,90
48,52,51	131,169,101	116,95,93
48,52,51	135,168,99	121,97,91
49,52,56	141,167,97	121,93,92
41,55,54	146,165,94	118,101,91
212,222,207	140,164,83	121,100,91
224,217,200	137,162,82	123,106,89
205,207,199	129,167,92	128,112,111
193,167,167	99,141,81	130,104,110
169,116,102	98,140,83	131,109,104
134,128,112	120,154,97	131,107,106
125,118,98	123,158,95	131,109,104
112,113,102	125,158,99	131,107,106
107,99,103	125,160,106	129,115,102
85,92,86	130,160,119	129,115,102
80,92,79	124,166,118	127,115,107
76,87,81	140,170,126	147,140,125
75,91,74	148,176,124	148,139,124
76,87,81	148,180,119	106,93,64
75,90,84	132,171,114	106,85,69
75,91,78	133,168,121	100,94,69
75,91,69	128,170,108	94,93,71
80,92,79	131,169,101	100,86,70
104,98,121	135,168,99	106,81,61
100,107,119	141,167,97	103,85,52
104,104,120	146,165,94	100,81,57
110,114,120	140,164,83	97,83,62
106,103,120	137,162,82	111,98,83
97,110,122	129,167,92	112,105,90
100,91,129	99,141,81	112,105,90
107,107,129	98,140,83	116,95,93
112,99,129	120,154,97	121,97,91
73,79,87	123,158,95	121,93,92
78,76,89	125,158,99	118,101,91
87,80,83	125,160,106	121,100,91
84,76,80	130,160,119	123,106,89
76,73,82	124,166,118	128,112,111
75,72,86	140,170,126	130,104,110
72,85,72	148,176,124	131,109,104
70,87,55	148,180,119	131,107,106
68,81,68	132,171,114	131,109,104
91,89,73	133,168,121	131,107,106
91,93,87	128,170,108	129,115,102
86,83,95	131,169,101	129,115,102
94,91,85	135,168,99	127,115,107
87,90,73	141,167,97	147,140,125
84,87,74	146,165,94	148,139,124
81,89,66	140,164,83	106,93,64
87,90,73	137,162,82	106,85,69
81,89,76	129,167,92	100,94,69
97,94,84	132,169,69	147,120,107
89,101,81	122,170,66	147,117,104
84,100,80	118,170,65	145,118,104
75,96,85	124,169,70	142,121,99
80,94,93	125,171,69	142,120,90
85,95,94	114,173,64	142,113,90
93,91,99	112,171,63	143,119,89
103,101,95	116,174,61	145,115,92
98,104,89	127,174,65	142,114,94
175,181,132	141,177,90	163,127,88
177,181,133	149,179,90	164,121,93
175,179,134	145,177,89	161,130,99
167,177,131	137,176,83	159,135,99
171,177,130	132,175,79	159,129,97
172,180,132	126,173,80	159,129,106
175,179,141	132,172,84	160,124,110
179,173,143	130,172,80	162,116,107
172,177,135	143,171,79	161,122,102
86,101,115	122,167,78	140,114,103
86,112,114	121,167,72	139,113,105
91,102,116	120,169,63	137,114,107
91,109,116	126,168,68	136,112,105
85,93,118	127,170,69	136,112,97
75,102,116	126,172,66	136,106,105
82,90,120	124,171,63	134,113,108
88,106,122	127,171,69	131,115,108
78,95,124	125,171,69	131,109,104
112,118,104	144,181,73	155,151,112
112,118,108	142,181,69	145,151,114
112,113,113	141,181,66	145,152,109
103,111,118	147,181,73	151,149,112
104,104,121	142,180,77	152,147,111
112,109,120	141,180,75	154,141,115
108,109,113	140,181,71	156,139,116
99,104,111	147,181,73	158,137,108
106,115,110	135,180,68	158,142,105
41,58,44	114,146,72	131,100,99
28,49,42	114,144,74	129,101,93
28,49,42	112,142,76	127,105,85
22,49,35	109,141,76	126,97,84
22,49,35	105,141,71	124,102,81
22,42,35	103,140,75	120,106,98
28,39,37	101,138,78	120,99,110
34,45,44	99,139,74	117,93,91
35,46,50	92,139,66	119,98,72
57,74,133	147,180,67	126,113,112
55,83,140	140,181,63	126,113,112
58,93,140	138,182,63	126,110,108
50,76,139	138,182,64	124,111,110
42,75,133	141,181,65	124,114,106
44,67,128	136,182,62	124,108,110
44,70,128	142,183,65	124,114,109
45,65,128	142,182,66	126,117,100
47,68,123	146,183,67	126,110,94
70,64,63	219,168,91	127,105,93
70,59,58	218,172,93	124,111,95
70,49,59	216,168,95	117,108,98
66,60,59	216,164,96	117,97,104
60,59,63	216,168,95	115,109,107
54,63,62	216,172,94	122,106,112
47,61,61	215,171,94	126,110,105
54,58,62	215,175,94	126,107,102
60,64,57	215,177,100	124,114,113
109,121,111	220,168,89	108,102,113
107,125,116	220,176,87	108,106,109
104,120,123	219,172,90	113,107,102
103,128,119	220,173,91	115,101,100
105,126,117	220,169,90	113,95,107
104,125,127	219,176,88	108,98,105
96,113,133	219,177,91	111,101,99
94,117,131	220,174,92	111,101,95
101,121,130	221,171,94	108,101,96
69,97,149	194,200,83	113,100,81
67,101,148	189,197,89	113,100,81
68,101,147	184,194,95	115,98,81
71,106,146	179,191,96	115,96,81
69,107,144	171,189,95	114,96,86
69,104,144	170,187,97	111,102,79
73,107,144	162,184,95	113,97,70
75,105,145	162,181,101	113,96,73
78,105,146	156,180,99	113,96,73
226,225,211	197,147,66	113,96,77
221,223,213	197,148,71	111,98,83
206,222,211	198,150,74	111,102,82
212,224,214	199,149,68	108,106,78
220,224,219	198,146,65	108,106,82
217,224,220	197,143,67	108,99,83
216,223,216	196,142,67	108,98,79
217,224,213	194,136,81	111,94,75
215,224,216	196,142,91	113,85,75
202,203,197	138,178,77	103,102,72
208,205,195	133,176,82	100,103,68
212,206,190	127,175,83	97,100,60
208,206,187	122,175,77	97,87,61
204,205,187	126,175,74	94,88,62
207,206,185	131,175,73	94,79,68
211,207,192	133,175,69	97,86,71
205,206,193	135,176,73	103,85,61
203,207,191	133,175,78	97,91,47
193,194,189	181,190,100	115,109,83
188,195,189	177,190,104	113,108,85
185,199,184	180,191,108	115,113,79
187,201,183	180,192,100	117,117,66
183,202,179	185,192,92	117,113,54
186,201,183	188,193,95	117,106,63
188,201,182	195,190,96	117,109,70
195,200,191	197,182,88	117,104,82
191,199,191	201,178,83	118,104,91
198,215,202	211,193,87	115,102,80
208,217,202	208,195,85	111,109,78
213,218,204	205,195,82	113,104,73
209,217,207	202,193,82	115,95,77
205,218,204	200,198,79	113,100,81
201,218,196	199,191,88	112,105,87
207,218,207	195,193,96	109,98,92
208,216,212	190,188,97	107,108,88
204,217,208	176,189,91	108,95,79
205,217,213	133,175,82	148,145,122
211,218,211	135,176,82	147,147,119
210,219,205	138,175,81	148,145,119
211,218,207	137,175,86	150,145,116
215,218,210	135,175,87	151,132,115
217,219,209	141,175,85	151,137,114
219,220,209	142,174,81	151,141,114
220,220,209	144,176,77	150,142,118
215,218,210	140,177,71	150,139,122
229,236,216	197,134,76	103,97,69
236,235,223	197,133,74	100,99,69
234,234,225	198,137,74	92,104,61
232,235,226	199,146,73	94,97,66
236,234,230	199,138,75	100,90,65
236,234,228	197,140,79	106,85,65
231,235,225	196,146,77	103,85,61
228,233,227	197,150,76	100,87,57
232,234,230	199,139,76	100,94,56
118,127,126	128,162,63	113,89,66
122,129,123	122,166,55	113,93,66
130,124,121	121,167,60	111,94,80
134,128,118	117,167,62	114,93,90
132,132,115	121,165,67	116,95,85
128,125,123	121,167,64	115,96,81
122,115,124	123,171,65	115,96,81
116,123,121	127,171,69	115,96,81
119,119,121	130,171,73	115,103,76
116,117,110	107,153,71	132,109,108
111,112,110	107,154,66	132,113,109
107,115,109	111,154,64	133,118,99
113,118,107	111,155,63	133,112,94
121,114,112	110,156,65	133,109,98
113,107,113	107,156,69	131,114,101
100,108,110	105,158,68	129,121,101
105,116,110	109,157,70	131,116,97
111,116,110	110,156,70	133,112,104
200,210,201	115,144,97	113,107,93
206,206,193	112,146,97	115,106,101
191,194,189	112,145,100	113,103,106
179,159,160	108,144,100	113,103,102
155,127,104	105,142,93	115,99,93
113,110,112	105,142,86	117,93,96
109,98,92	109,140,88	117,100,99
103,89,82	99,141,81	120,100,99
94,93,71	95,139,78	120,100,95
200,208,197	114,156,90	127,112,103
205,199,166	116,159,85	130,107,111
182,162,135	120,157,86	128,111,118
148,113,135	122,157,89	128,105,111
128,106,92	122,158,90	129,104,104
104,97,100	120,159,93	132,109,108
98,95,93	129,163,96	132,109,113
94,87,85	136,167,113	133,105,104
87,90,73	137,171,124	129,108,99
207,222,208	136,165,102	129,108,99
209,221,207	136,167,109	133,112,100
217,220,208	135,168,105	134,107,103
209,217,205	129,173,98	134,107,103
208,214,202	138,171,102	134,104,99
210,210,198	142,173,100	134,107,99
201,204,204	151,171,101	134,104,103
198,209,203	151,170,99	134,111,96
182,212,204	149,168,96	133,112,94
229,230,231	134,170,79	113,103,93
228,228,232	134,170,77	115,105,93
228,228,231	132,171,72	115,105,93
232,226,233	133,173,66	113,103,90
231,234,228	138,172,71	115,109,84
230,235,228	140,169,76	117,104,87
233,233,232	128,172,68	117,104,91
236,236,230	135,174,68	115,99,89
235,233,231	146,175,72	115,95,89
235,236,228	115,145,100	115,110,92
232,235,228	108,144,98	117,104,99
234,235,232	100,143,91	115,106,108
232,235,228	105,142,90	113,103,106
235,236,226	110,142,89	115,102,97
238,235,224	99,141,84	117,97,92
238,236,228	91,138,84	115,102,85
235,235,232	101,138,87	113,99,98
232,233,232	111,139,91	117,100,104
76,69,57	99,141,81	150,142,118
76,69,67	95,139,78	150,139,122
84,82,75	114,156,90	103,97,69
91,93,87	116,159,85	100,99,69
95,101,94	120,157,86	92,104,61
104,105,89	122,157,89	94,97,66
100,97,86	122,158,90	100,90,65
97,90,75	120,159,93	106,85,65
91,85,63	129,163,96	103,85,61
55,53,57	136,167,113	100,87,57
55,53,57	137,171,124	100,94,56
56,54,53	136,165,102	113,89,66
48,53,45	136,167,109	113,93,66
48,47,46	135,168,105	111,94,80
55,54,41	129,173,98	114,93,90
60,55,47	138,171,102	116,95,85
48,53,45	142,173,100	115,96,81
42,57,50	151,171,101	115,96,81
214,220,209	151,170,99	115,96,81
216,219,191	149,168,96	115,103,76
204,198,201	134,170,79	132,109,108
188,152,172	99,141,81	132,113,109
163,128,103	95,139,78	133,118,99
127,121,115	114,156,90	133,112,94
118,112,93	116,159,85	133,109,98
107,108,102	120,157,86	131,114,101
104,97,100	122,157,89	129,121,101
78,86,79	122,158,90	131,116,97
78,81,79	120,159,93	133,112,104
78,86,73	129,163,96	150,142,118
74,82,75	136,167,113	150,139,122
67,84,71	137,171,124	103,97,69
72,84,78	136,165,102	100,99,69
72,80,78	136,167,109	92,104,61
74,77,75	135,168,105	94,97,66
72,80,78	129,173,98	100,90,65
107,108,102	138,171,102	106,85,65
99,108,102	142,173,100	103,85,61
104,109,103	151,171,101	100,87,57
112,101,99	151,170,99	100,94,56
109,110,91	149,168,96	113,89,66
98,114,95	134,170,79	113,93,66
105,106,108	99,141,81	111,94,80
112,104,103	95,139,78	114,93,90
116,105,92	114,156,90	116,95,85
88,86,90	116,159,85	115,96,81
87,85,78	120,157,86	115,96,81
81,89,72	122,157,89	115,96,81
80,83,70	122,158,90	115,103,76
80,83,76	120,159,93	132,109,108
78,81,79	129,163,96	132,113,109
78,86,73	136,167,113	133,118,99
78,86,63	137,171,124	133,112,94
80,83,70	136,165,102	133,109,98
94,87,76	136,167,109	131,114,101
97,90,79	135,168,105	129,121,101
95,87,90	129,173,98	131,116,97
91,93,87	138,171,102	133,112,104
85,93,80	142,173,100	150,142,118
81,89,76	151,171,101	150,139,122
87,90,73	151,170,99	103,97,69
87,90,77	149,168,96	100,99,69
81,83,82	134,170,79	92,104,61
86,90,73	124,167,72	146,119,97
86,85,74	119,169,68	147,116,96
80,89,72	119,169,68	145,115,98
81,83,83	124,169,69	140,120,94
78,84,88	132,169,76	142,117,90
78,80,89	119,170,75	142,117,93
85,83,87	114,168,70	143,118,92
94,79,78	115,170,59	143,115,89
90,94,67	122,171,65	140,111,88
193,200,153	141,176,91	164,129,102
197,198,160	143,177,92	163,128,100
189,198,156	140,175,91	161,126,99
191,195,163	136,175,81	159,135,97
194,198,159	133,174,71	157,125,100
202,195,161	131,173,74	154,134,104
191,199,155	134,172,76	156,124,109
192,196,160	130,172,72	157,128,107
184,199,150	137,171,72	158,122,110
81,97,85	125,169,72	145,121,106
88,90,90	121,168,71	142,126,105
85,98,81	120,171,67	139,122,108
94,96,80	117,168,70	134,125,106
93,97,71	125,169,71	136,119,107
94,91,81	128,172,68	136,119,104
97,99,83	119,173,62	131,119,107
97,95,89	118,170,68	126,119,111
89,100,89	127,170,76	129,110,109
117,123,102	143,181,71	158,149,109
117,118,109	135,180,68	156,149,112
115,121,111	138,180,67	156,151,109
111,112,116	143,181,70	157,150,110
114,107,118	144,181,72	157,143,114
114,107,118	139,182,66	157,133,120
111,112,116	137,183,63	158,139,121
108,109,113	143,182,69	159,138,115
110,111,111	137,179,73	159,138,107
35,56,49	116,147,75	131,103,101
40,52,44	112,145,76	129,108,95
34,51,37	109,143,73	129,118,84
34,51,37	105,141,71	127,105,85
34,51,31	101,141,67	126,104,87
34,44,37	98,140,73	122,102,97
40,46,38	99,139,77	120,96,107
48,47,46	99,139,74	117,100,95
42,46,51	96,139,70	120,103,86
66,82,141	135,181,68	124,125,112
59,89,142	136,181,70	126,120,115
57,83,139	135,182,66	128,111,114
51,74,135	142,181,67	128,115,117
47,69,130	138,181,66	128,118,120
49,70,126	136,183,65	126,120,115
47,68,123	138,182,65	126,120,111
48,62,121	139,182,66	124,121,109
45,68,120	139,183,66	126,120,107
66,65,63	216,159,91	127,109,96
70,54,59	217,171,91	124,111,99
70,59,53	218,166,95	120,107,102
64,74,50	217,170,100	120,103,102
53,63,56	216,174,99	122,106,101
47,61,61	217,173,97	122,99,97
41,55,60	218,171,100	122,99,97
52,51,66	217,175,103	120,103,98
66,60,59	216,177,107	117,114,113
91,106,95	220,172,88	118,104,119
94,107,102	218,179,88	117,103,110
90,99,106	217,179,91	120,103,98
86,106,105	220,177,91	120,100,107
86,98,106	221,172,88	116,98,112
82,104,108	221,181,87	106,96,108
78,104,114	220,177,89	108,105,100
80,106,112	220,173,90	106,108,97
88,107,113	221,174,91	108,102,88
70,95,148	201,203,83	114,104,85
70,98,148	194,200,84	112,102,87
70,98,148	191,199,85	113,104,81
68,99,146	195,196,93	118,97,87
71,99,147	187,194,94	114,99,93
73,101,145	180,190,95	111,102,82
74,102,144	169,187,92	113,101,69
73,104,145	160,184,97	117,90,72
77,102,148	155,183,100	115,95,73
222,224,214	198,148,70	111,102,82
212,223,211	197,151,67	113,97,82
205,222,209	198,151,67	113,100,81
210,222,213	199,151,65	111,109,82
214,223,215	197,146,64	108,106,82
214,223,216	196,142,68	108,99,83
215,223,216	196,140,73	106,100,81
216,223,215	195,144,83	111,94,80
214,224,216	197,149,92	113,93,74
193,205,193	137,178,81	103,97,77
196,207,189	135,176,86	100,99,73
201,208,188	131,174,89	100,94,69
196,209,178	119,174,82	97,91,66
201,208,186	124,175,81	91,89,63
204,208,186	127,176,75	76,88,61
209,209,193	128,177,71	94,92,67
205,208,196	131,175,73	103,90,60
203,207,195	132,175,76	97,96,51
200,196,184	183,191,104	120,118,84
199,186,191	177,191,102	116,117,86
198,197,189	177,191,103	116,117,86
195,200,185	172,190,97	115,117,82
184,200,181	176,192,93	120,116,73
180,201,179	182,193,91	122,114,76
188,200,185	194,192,88	120,119,80
198,200,189	197,182,86	115,117,82
194,200,184	201,178,84	121,111,85
202,217,198	215,192,85	113,107,80
206,217,200	211,193,87	108,110,82
210,219,204	209,192,89	113,104,81
208,217,209	206,193,87	117,101,79
204,217,206	204,198,85	113,107,80
205,218,204	201,196,90	109,102,87
205,217,206	197,198,96	107,96,94
203,217,206	187,195,92	103,101,81
202,216,209	175,192,87	108,91,68
205,211,217	141,177,81	155,147,114
210,218,212	138,176,80	153,145,117
210,219,203	141,175,85	153,142,118
209,219,203	141,176,88	153,139,112
209,217,207	140,176,91	153,141,103
209,217,210	137,176,86	153,138,106
212,219,210	140,175,86	152,145,107
213,219,207	138,176,80	151,146,113
209,218,203	133,177,74	152,139,116
238,236,229	196,139,78	103,102,72
241,235,232	197,139,78	100,103,68
234,235,226	198,136,79	97,100,60
230,234,225	199,137,80	97,87,61
233,234,223	201,130,80	94,88,62
234,235,223	199,141,80	94,79,68
234,234,225	198,144,78	97,86,71
236,232,232	199,147,74	103,85,61
236,232,233	201,136,76	97,91,47
111,120,128	121,168,59	115,92,69
115,118,126	119,166,57	113,86,71
124,124,122	116,166,56	111,94,75
120,130,117	117,163,60	111,87,84
122,129,119	113,163,64	111,94,80
126,123,124	119,164,70	113,93,77
118,118,123	118,167,64	113,89,78
119,126,120	122,169,60	111,82,84
120,125,114	131,170,63	108,95,79
108,120,101	109,154,73	133,112,100
100,116,101	110,155,66	134,110,102
96,115,108	111,154,59	134,114,98
99,110,112	111,154,64	134,114,98
111,116,110	110,155,66	133,112,104
105,113,102	109,154,69	131,116,108
98,114,103	107,156,69	127,119,106
103,114,108	107,156,69	133,112,100
107,108,110	108,155,67	136,113,101
197,211,192	111,143,94	113,107,98
199,205,185	115,145,100	117,104,95
180,195,180	115,145,100	115,106,96
178,168,157	108,144,98	113,103,98
153,115,101	100,143,91	117,100,99
114,115,104	105,142,90	120,100,99
106,100,85	110,142,89	120,103,102
97,90,79	99,141,84	117,100,99
94,83,77	91,138,84	117,101,95
191,210,190	113,155,96	127,115,103
205,192,165	116,156,90	127,112,107
183,150,134	119,154,89	130,107,113
149,129,129	119,155,90	130,104,110
132,101,91	116,154,96	130,100,107
107,100,93	110,155,93	127,112,107
103,93,86	116,155,94	132,113,109
97,90,84	116,158,100	134,107,103
85,92,86	124,161,107	131,103,101
215,222,211	127,160,81	142,112,91
215,220,210	129,161,92	145,110,93
219,219,210	135,162,106	145,115,96
213,218,206	128,165,114	146,110,92
213,214,203	125,166,110	146,118,86
215,209,201	132,168,111	146,106,90
211,197,207	136,172,107	145,116,92
198,210,198	141,171,108	145,111,96
176,212,200	141,173,102	146,118,94
229,233,231	133,172,67	115,102,88
219,230,230	139,171,67	115,102,97
224,229,231	137,170,65	115,106,101
231,231,232	138,174,59	115,102,97
236,235,230	139,173,63	115,105,93
234,235,229	141,174,68	115,102,93
232,233,232	142,174,71	115,102,93
232,232,232	136,174,72	113,99,94
232,231,232	132,173,76	113,100,90
237,236,228	113,145,96	120,111,97
232,236,226	108,144,92	120,103,98
230,235,228	100,143,91	120,100,102
235,235,232	105,142,93	117,100,99
242,236,232	112,140,95	117,97,96
242,233,227	108,141,87	115,102,97
239,236,228	104,138,92	115,106,96
237,236,231	106,139,94	113,107,102
235,235,231	110,139,95	117,104,102
80,64,57	99,141,84	151,146,113
76,74,67	91,138,84	152,139,116
87,80,78	113,155,96	103,102,72
97,94,83	116,156,90	100,103,68
102,107,92	119,154,89	97,100,60
107,108,97	119,155,90	97,87,61
102,103,101	116,154,96	94,88,62
100,97,86	110,155,93	94,79,68
97,86,71	116,155,94	97,86,71
67,60,59	116,158,100	103,85,61
60,53,63	124,161,107	97,91,47
55,53,57	127,160,81	115,92,69
56,54,53	129,161,92	113,86,71
48,52,51	135,162,106	111,94,75
61,54,57	128,165,114	111,87,84
67,60,53	125,166,110	111,94,80
56,54,53	132,168,111	113,93,77
42,51,50	136,172,107	113,89,78
214,219,213	141,171,108	111,82,84
221,214,197	141,173,102	108,95,79
201,202,196	133,172,67	133,112,100
183,164,168	99,141,84	134,110,102
158,114,101	91,138,84	134,114,98
116,121,110	113,155,96	134,114,98
112,105,98	116,156,90	133,112,104
99,100,98	119,154,89	131,116,108
101,89,97	119,155,90	127,119,106
80,73,76	116,154,96	133,112,100
74,77,75	110,155,93	136,113,101
74,82,69	116,155,94	151,146,113
68,81,63	116,158,100	152,139,116
64,76,70	124,161,107	103,102,72
70,78,71	127,160,81	100,103,68
80,73,76	129,161,92	97,100,60
74,72,76	135,162,106	97,87,61
74,72,76	128,165,114	94,88,62
90,100,94	125,166,110	94,79,68
79,97,95	132,168,111	97,86,71
94,99,97	136,172,107	103,85,61
104,101,95	141,171,108	97,91,47
99,104,93	141,173,102	115,92,69
94,103,92	133,172,67	113,86,71
94,99,97	99,141,84	111,94,75
95,101,94	91,138,84	111,87,84
103,93,86	113,155,96	111,94,80
98,82,89	116,156,90	113,93,77
91,75,88	119,154,89	113,89,78
78,81,79	119,155,90	111,82,84
80,78,71	116,154,96	108,95,79
74,77,75	110,155,93	133,112,100
78,71,80	116,155,94	134,110,102
84,82,69	116,158,100	134,114,98
84,82,65	124,161,107	134,114,98
84,82,75	127,160,81	133,112,104
97,90,75	129,161,92	131,116,108
103,89,73	135,162,106	127,119,106
97,90,75	128,165,114	133,112,100
94,87,81	125,166,110	136,113,101
91,93,87	132,168,111	151,146,113
91,84,82	136,172,107	152,139,116
91,89,77	141,171,108	103,102,72
88,96,79	141,173,102	100,103,68
91,93,87	133,172,67	97,100,60
71,80,79	108,168,63	145,123,85
77,80,80	111,169,63	149,115,87
77,75,80	115,170,64	145,121,88
77,80,80	120,170,68	139,124,90
77,80,80	125,171,66	143,115,89
71,80,79	118,170,64	145,110,92
77,75,80	111,168,64	146,114,94
77,80,80	115,168,65	146,111,89
75,88,76	112,169,65	141,115,81
194,203,188	138,176,86	173,134,108
193,204,187	140,174,88	177,119,99
190,202,190	142,173,88	177,136,86
183,201,188	137,173,82	178,128,86
192,202,195	138,173,78	175,144,84
194,203,190	137,172,76	172,130,90
194,203,188	136,171,75	173,138,87
192,204,185	133,171,75	176,124,94
193,203,186	136,169,77	176,137,97
64,81,80	124,170,64	163,136,97
64,81,80	130,168,73	163,124,95
69,82,81	123,169,73	159,136,92
75,88,76	123,169,73	156,127,98
86,85,74	126,170,72	154,132,99
90,89,78	128,171,71	151,117,96
82,95,78	119,171,66	150,125,88
80,88,82	124,169,75	149,106,96
85,87,87	123,171,77	149,118,99
117,115,102	134,180,65	161,152,107
117,111,110	131,180,67	162,149,108
112,113,113	139,180,69	162,151,110
112,110,113	146,181,68	161,148,112
115,112,112	142,182,64	161,140,113
107,105,116	136,184,58	160,144,116
105,106,117	138,183,56	160,148,121
112,113,113	146,182,67	160,144,116
113,114,109	142,182,74	160,137,114
35,56,49	108,146,76	145,115,95
47,53,45	109,144,76	140,104,89
47,47,34	102,142,72	136,113,81
40,46,33	98,140,69	133,96,88
47,47,40	99,141,64	131,104,88
48,47,46	98,140,69	129,101,93
55,44,53	103,140,78	124,104,100
53,47,58	109,138,78	117,107,102
47,51,62	103,140,71	117,100,99
58,83,144	139,183,74	121,126,109
56,79,144	140,184,74	125,125,120
54,81,136	138,184,68	128,121,120
51,75,129	139,183,65	134,114,124
49,65,127	136,182,69	130,119,130
47,63,124	137,183,70	130,126,121
46,66,120	135,182,65	129,120,108
49,74,113	137,183,63	130,113,112
50,67,120	144,185,67	130,120,115
70,69,62	213,175,98	127,111,96
66,65,58	216,180,97	126,111,97
66,65,53	218,174,97	122,109,96
65,71,41	217,174,101	124,98,93
60,64,51	215,182,103	126,100,91
53,63,56	218,180,103	122,89,95
54,58,62	220,174,105	115,94,97
52,56,66	219,179,109	113,95,98
60,59,63	218,182,109	108,105,104
90,89,73	220,164,88	125,101,114
90,89,78	219,172,88	124,101,107
90,94,77	218,176,90	124,101,104
94,87,81	219,177,91	124,98,104
91,93,87	220,173,89	117,100,103
88,86,90	220,176,88	106,100,107
94,96,90	220,172,89	103,109,103
94,91,91	219,172,88	94,103,102
97,99,89	218,167,90	108,98,101
72,96,147	205,195,82	113,108,85
73,100,147	202,193,82	108,110,86
71,101,147	200,198,79	113,107,80
70,100,148	199,191,88	117,105,75
69,95,149	195,193,96	115,106,75
75,96,146	190,188,97	111,110,73
76,105,142	176,189,91	115,106,72
69,104,144	169,185,99	120,102,75
73,102,148	159,183,102	116,99,84
208,222,210	198,148,71	117,104,82
206,222,209	197,154,65	115,103,76
207,222,214	196,153,61	115,98,81
210,220,220	196,149,62	114,104,85
207,222,214	197,146,64	111,102,82
214,222,215	197,145,72	111,102,79
217,224,216	197,146,77	111,102,79
217,224,216	196,149,85	113,100,77
217,224,216	199,160,91	115,99,73
196,206,198	141,178,89	103,97,81
200,208,195	138,176,90	100,98,82
207,209,192	138,176,90	97,95,79
200,208,184	135,177,87	97,91,70
199,207,190	135,177,87	91,94,58
202,208,194	134,177,83	85,93,61
201,209,193	139,176,78	91,89,63
204,209,199	152,174,84	97,87,61
206,207,205	139,176,76	91,89,58
203,194,183	181,192,106	127,117,85
200,196,191	175,192,101	125,119,90
202,192,194	182,191,99	125,115,91
198,200,189	190,191,103	123,117,91
183,200,182	188,193,98	123,117,91
175,199,183	193,191,89	125,115,91
190,198,190	196,187,80	123,120,87
199,200,192	200,177,82	120,118,84
197,199,191	202,179,83	122,114,81
209,218,204	218,191,82	122,110,76
206,218,203	216,187,89	115,109,83
209,218,204	213,189,94	116,102,88
211,216,209	211,191,93	115,102,84
204,216,205	208,195,91	111,105,78
204,216,206	205,196,93	109,99,88
202,216,206	201,199,95	107,100,93
197,217,204	197,198,93	103,101,76
199,216,208	187,195,89	106,98,55
212,213,216	140,177,78	161,152,104
212,217,212	141,177,80	158,149,110
213,218,209	142,178,83	158,143,113
213,218,208	144,177,90	157,148,106
207,216,208	144,178,92	156,152,101
199,216,206	141,179,91	155,147,105
201,217,206	143,179,88	153,148,111
211,217,210	147,179,86	152,147,112
210,216,214	141,179,78	155,140,115
242,234,233	194,141,77	103,97,77
238,235,228	196,142,76	100,99,73
230,234,223	197,136,79	100,94,69
227,234,220	200,134,81	97,91,66
234,234,224	202,135,82	91,89,63
235,235,223	201,143,83	76,88,61
239,235,229	200,146,80	94,92,67
241,234,232	201,148,74	103,90,60
239,234,233	202,141,78	97,96,51
108,121,126	120,172,56	113,100,77
112,119,124	121,171,54	111,99,70
112,115,121	124,170,54	111,102,74
108,125,119	123,168,54	111,94,75
116,126,117	126,165,66	111,91,76
127,127,121	123,166,71	111,90,71
120,120,122	125,164,65	111,87,76
114,121,120	121,166,52	111,90,80
119,119,121	122,166,55	111,90,84
105,113,99	110,155,66	133,112,97
98,114,95	110,154,62	134,111,96
91,111,100	111,153,60	136,109,98
94,109,107	107,153,61	133,115,103
94,106,107	107,154,66	132,113,109
94,106,107	107,154,66	130,114,113
89,105,106	105,154,67	128,115,110
94,113,106	107,154,66	131,114,101
100,112,106	107,153,66	134,114,102
199,211,186	115,142,97	115,102,97
194,207,176	110,144,95	117,97,92
186,193,187	113,145,96	115,102,85
177,165,155	108,144,92	113,99,98
152,130,92	100,143,91	117,100,104
112,105,98	105,142,93	120,97,104
106,96,77	112,140,95	120,100,102
97,86,80	108,141,87	120,100,99
94,83,77	104,138,92	117,101,92
197,208,197	121,159,99	131,110,98
204,198,166	124,157,96	129,107,102
181,162,136	123,157,85	129,111,106
147,112,134	125,155,95	129,107,106
130,99,89	121,155,98	127,105,108
109,90,93	115,155,92	127,115,107
100,90,83	114,155,87	129,114,105
95,83,90	114,154,85	133,109,104
82,83,91	119,157,80	131,107,102
219,222,213	114,153,79	153,122,115
220,218,218	122,155,85	155,139,113
219,219,214	129,158,94	156,128,115
213,218,203	127,156,104	156,145,113
217,215,204	116,159,97	157,140,116
218,203,199	127,162,99	157,147,118
217,203,201	134,166,99	156,130,126
202,210,196	137,171,97	153,153,123
175,211,199	146,171,99	158,136,118
231,235,228	135,173,69	117,101,92
225,235,228	139,170,70	113,107,98
225,227,232	137,172,68	115,106,101
230,230,232	135,175,67	117,101,95
233,234,228	136,174,70	115,105,93
233,235,229	142,176,74	113,107,93
232,233,232	155,176,81	113,107,93
230,229,232	133,174,77	111,101,96
229,230,231	122,168,77	111,105,96
237,236,229	109,145,94	117,108,103
231,235,225	106,145,91	120,103,98
228,234,228	100,143,91	120,104,95
229,231,231	103,144,93	120,104,95
236,230,232	108,142,93	117,104,95
236,235,227	110,142,92	115,109,104
232,235,226	113,142,92	113,110,110
232,235,225	109,140,86	113,107,110
236,236,229	103,140,84	115,106,104
76,69,57	108,141,87	152,147,112
76,79,72	104,138,92	155,140,115
84,82,79	121,159,99	103,97,77
88,95,89	124,157,96	100,99,73
91,106,90	123,157,85	100,94,69
95,108,101	125,155,95	97,91,66
94,98,108	121,155,98	91,89,63
107,100,98	115,155,92	76,88,61
97,90,79	114,155,87	94,92,67
61,54,57	114,154,85	103,90,60
59,57,66	119,157,80	97,96,51
55,58,62	114,153,79	113,100,77
55,53,57	122,155,85	111,99,70
54,52,62	129,158,94	111,102,74
59,57,66	127,156,104	111,94,75
61,64,62	116,159,97	111,91,76
54,57,56	127,162,99	111,90,71
48,47,52	134,166,99	111,87,76
215,218,216	137,171,97	111,90,80
217,217,194	146,171,99	111,90,84
203,199,195	135,173,69	133,112,97
179,152,165	108,141,87	134,111,96
155,126,91	104,138,92	136,109,98
118,108,106	121,159,99	133,115,103
109,106,95	124,157,96	132,113,109
95,101,94	123,157,85	130,114,113
92,89,93	125,155,95	128,115,110
74,72,76	121,155,98	131,114,101
68,66,75	115,155,92	134,114,102
64,76,70	114,155,87	152,147,112
62,80,67	114,154,85	155,140,115
58,76,63	119,157,80	103,97,77
70,78,60	114,153,79	100,99,73
80,73,66	122,155,85	100,94,69
76,74,71	129,158,94	97,91,66
70,73,71	127,156,104	91,89,63
95,96,90	116,159,97	76,88,61
98,95,93	127,162,99	94,92,67
98,95,93	134,166,99	103,90,60
98,95,93	137,171,97	97,96,51
98,95,93	146,171,99	113,100,77
98,90,88	135,173,69	111,99,70
94,96,84	108,141,87	111,102,74
88,96,79	104,138,92	111,94,75
88,96,74	121,159,99	111,91,76
98,86,89	124,157,96	111,90,71
87,80,93	123,157,85	111,87,76
81,83,82	125,155,95	111,90,80
80,83,70	121,155,98	111,90,84
80,83,76	115,155,92	133,112,97
84,82,75	114,155,87	134,111,96
87,90,67	114,154,85	136,109,98
87,85,63	119,157,80	133,115,103
91,84,82	114,153,79	132,113,109
103,89,86	122,155,85	130,114,113
107,92,86	129,158,94	128,115,110
101,90,88	127,156,104	131,114,101
91,98,82	116,159,97	134,114,102
97,99,83	127,162,99	152,147,112
97,95,79	134,166,99	155,140,115
94,87,76	137,171,97	103,97,77
88,95,83	146,171,99	100,99,73
92,89,93	135,173,69	100,94,69
